Main: arguments = --count-file /cluster/scratch8b/oscar/19_4-CMV/pat_14/pat_14_harold_in.txt --haplotypes 5 --alpha-frac 0.01 --gamma-cache 10000 -H -L --threads 5
Main: seed = 1572962757293
Optimisation method :BOBYQ
pat_14_harold_in.txt: /cluster/scratch8b/oscar/19_4-CMV/pat_14/pat_14_harold_in.txt
pat_14_harold_in.txt: haplotypes = 5
/cluster/scratch8b/oscar/19_4-CMV/pat_14/pat_14_harold_in.txt
initialFreqSet = false
initialFreqSet = false
initialFreqSet = false
initialFreqSet = false
initialFreqSet = false
/cluster/scratch8b/oscar/19_4-CMV/pat_14/CMV-2064_nodups_sorted_diversity.strandcount.csv
/cluster/scratch8b/oscar/19_4-CMV/pat_14/CMV-2066_nodups_sorted_diversity.strandcount.csv
/cluster/scratch8b/oscar/19_4-CMV/pat_14/CMV-2068_nodups_sorted_diversity.strandcount.csv
/cluster/scratch8b/oscar/19_4-CMV/pat_14/CMV-2069_nodups_sorted_diversity.strandcount.csv
/cluster/scratch8b/oscar/19_4-CMV/pat_14/CMV-2071_nodups_sorted_diversity.strandcount.csv
Average read depth
0	7.956152382445278
1	24.087982617707123
2	0.0
3	52.94381234787228
4	12.261727169412042

[4, 4, 4, 4, 4]
pat_14_harold_in.txt: timepoints = 5
pat_14_harold_in.txt: sites = 229659
Starting pre-optimisation of hap frequencies, a = 0.99900000 0.03000000
[0.999, 0.03]
[0.19269452018044766, 0.1933339672551778, 0.20998429808121144, 0.21099300331857335, 0.19299421116458976]
[0.20088082385479683, 0.1930732282465969, 0.20938532780220254, 0.1990147000063248, 0.197645920090079]
[0.20492617537121208, 0.20682504376751262, 0.19051072983197587, 0.19267517882507282, 0.20506287220422661]
[0.19822860415308977, 0.19577535098879617, 0.1992127377589249, 0.21019297285719768, 0.19659033424199152]
[0.2089140535315647, 0.19067848122377143, 0.19719532800319772, 0.19321877603647414, 0.20999336120499207]
In Cluster: BOBYQ
[0.999, 0.03]
[0.15902000056689183, 0.15218530121487372, 0.23147655726840174, 0.302720806003323, 0.15459733494650968]
[0.11068236538402125, 0.09941409204542448, 0.565046518955832, 0.11903422862354662, 0.10582279499117564]
[0.20492617537121208, 0.20682504376751262, 0.19051072983197587, 0.19267517882507282, 0.20506287220422661]
[0.08384521067342977, 0.07495989721668185, 0.09475018834620526, 0.666965453153598, 0.0794792506100851]
[0.2136064493034392, 0.15663921447016121, 0.2055657843568677, 0.21666633655668727, 0.2075222153128446]
pat_14_harold_in.txt	Iteration 0	Current loglikelihood -1312695.1527998506	Improvement 20555.11010952876
0	0.15902	0.15219	0.23148	0.30272	0.15460
1	0.11068	0.09941	0.56505	0.11903	0.10582
2	0.20493	0.20683	0.19051	0.19268	0.20506
3	0.08385	0.07496	0.09475	0.66697	0.07948
4	0.21361	0.15664	0.20557	0.21667	0.20752
[0.999, 0.03]
[0.14212030046409016, 0.15473533637721656, 0.1876059177998056, 0.3744268636503088, 0.1411115817085788]
[0.08664719505174608, 0.08137945061935709, 0.45882804534771127, 0.29006428963155617, 0.0830810193496293]
[0.20492617537121208, 0.20682504376751262, 0.19051072983197587, 0.19267517882507282, 0.20506287220422661]
[0.06507488862015594, 0.05515876204244432, 0.2747657298836537, 0.5452003283057446, 0.05980029114800145]
[0.17567867388868005, 0.1216874068808822, 0.2764397625230959, 0.25639523703549105, 0.1697989196718508]
pat_14_harold_in.txt	Iteration 1	Current loglikelihood -1312212.5998677697	Improvement 482.55293208081275
0	0.14212	0.15474	0.18761	0.37443	0.14111
1	0.08665	0.08138	0.45883	0.29006	0.08308
2	0.20493	0.20683	0.19051	0.19268	0.20506
3	0.06507	0.05516	0.27477	0.54520	0.05980
4	0.17568	0.12169	0.27644	0.25640	0.16980
[0.999, 0.03]
[0.1208549949897552, 0.15474162426168567, 0.13640711776697864, 0.46086291498327164, 0.12713334799830883]
[0.07563633302045884, 0.07643169053247725, 0.4438664171865996, 0.3301681248700672, 0.0738974343903972]
[0.20492617537121208, 0.20682504376751262, 0.19051072983197587, 0.19267517882507282, 0.20506287220422661]
[0.055588920354437556, 0.04777664636027902, 0.29904671413237316, 0.546489250116067, 0.05109846903684334]
[0.15463705782157522, 0.10714122739624043, 0.3452048667024662, 0.24313288134955136, 0.1498839667301668]
pat_14_harold_in.txt	Iteration 2	Current loglikelihood -1311948.5785236026	Improvement 264.02134416718036
0	0.12085	0.15474	0.13641	0.46086	0.12713
1	0.07564	0.07643	0.44387	0.33017	0.07390
2	0.20493	0.20683	0.19051	0.19268	0.20506
3	0.05559	0.04778	0.29905	0.54649	0.05110
4	0.15464	0.10714	0.34520	0.24313	0.14988
[0.999, 0.03]
[0.10701914952581558, 0.15396928033330687, 0.08560907572402203, 0.5352587537932572, 0.11814374062359834]
[0.06948657532176424, 0.07377740008487493, 0.43544752417919835, 0.3523632214496823, 0.0689252789644802]
[0.20492617537121208, 0.20682504376751262, 0.19051072983197587, 0.19267517882507282, 0.20506287220422661]
[0.0507844895898861, 0.04478909577650759, 0.30786870580177467, 0.5491923101608754, 0.04736539867095624]
[0.14061088969806043, 0.09895366259394722, 0.42566869735767765, 0.19720455503159529, 0.13756219531871938]
pat_14_harold_in.txt	Iteration 3	Current loglikelihood -1311774.390544654	Improvement 174.18797894846648
0	0.10702	0.15397	0.08561	0.53526	0.11814
1	0.06949	0.07378	0.43545	0.35236	0.06893
2	0.20493	0.20683	0.19051	0.19268	0.20506
3	0.05078	0.04479	0.30787	0.54919	0.04737
4	0.14061	0.09895	0.42567	0.19720	0.13756
[0.999, 0.03]
[0.0987647550214826, 0.15496170231854056, 0.045778198826427856, 0.5880019984381285, 0.11249334539542044]
[0.06594361637813355, 0.07223865864303125, 0.43256640574071126, 0.36333643088889495, 0.06591488834922904]
[0.20492617537121208, 0.20682504376751262, 0.19051072983197587, 0.19267517882507282, 0.20506287220422661]
[0.04809371306159877, 0.043177938792974345, 0.3227685641123686, 0.5404587930439932, 0.045500990989064904]
[0.1326515661558301, 0.09356870694173401, 0.48698798136909227, 0.1565108438580765, 0.13028090167526712]
pat_14_harold_in.txt	Iteration 4	Current loglikelihood -1311668.5612927852	Improvement 105.82925186888315
0	0.09876	0.15496	0.04578	0.58800	0.11249
1	0.06594	0.07224	0.43257	0.36334	0.06591
2	0.20493	0.20683	0.19051	0.19268	0.20506
3	0.04809	0.04318	0.32277	0.54046	0.04550
4	0.13265	0.09357	0.48699	0.15651	0.13028
[0.999, 0.03]
[0.09372187509710238, 0.1550969248102532, 0.014643323636941095, 0.6276160191344418, 0.10892185732126158]
[0.0640029236128611, 0.07106356153714731, 0.4358310519904063, 0.3650650141855479, 0.06403744867403743]
[0.20492617537121208, 0.20682504376751262, 0.19051072983197587, 0.19267517882507282, 0.20506287220422661]
[0.04658240970868609, 0.04217867454783905, 0.34709212334572404, 0.5196025172543254, 0.044544275143425405]
[0.12840669806072785, 0.09044822688844138, 0.5208579252384716, 0.1339170324489734, 0.12637011736338571]
pat_14_harold_in.txt	Iteration 5	Current loglikelihood -1311600.7638593134	Improvement 67.79743347177282
0	0.09372	0.15510	0.01464	0.62762	0.10892
1	0.06400	0.07106	0.43583	0.36507	0.06404
2	0.20493	0.20683	0.19051	0.19268	0.20506
3	0.04658	0.04218	0.34709	0.51960	0.04454
4	0.12841	0.09045	0.52086	0.13392	0.12637
[0.999, 0.03]
[0.09005436111901365, 0.15435784973444006, 0.0, 0.6488516430122186, 0.10673614613432769]
[0.06307121399851373, 0.07062097538180324, 0.44268192950077356, 0.36068499518376096, 0.06294088593514857]
[0.20492617537121208, 0.20682504376751262, 0.19051072983197587, 0.19267517882507282, 0.20506287220422661]
[0.0456439587168305, 0.04160139422072566, 0.38323715766277355, 0.48546983635186813, 0.04404765304780223]
[0.1264573948224331, 0.08839357042911423, 0.5393886423071097, 0.12143529396659514, 0.12432509847474782]
pat_14_harold_in.txt	Iteration 6	Current loglikelihood -1311549.446008872	Improvement 51.31785044143908
0	0.09005	0.15436	0.00000	0.64885	0.10674
1	0.06307	0.07062	0.44268	0.36068	0.06294
2	0.20493	0.20683	0.19051	0.19268	0.20506
3	0.04564	0.04160	0.38324	0.48547	0.04405
4	0.12646	0.08839	0.53939	0.12144	0.12433
[0.999, 0.03]
[0.0873831824048681, 0.15344264752228687, 0.0, 0.6544827189763048, 0.10469145109654021]
[0.06255227008342351, 0.07030635807335435, 0.45736995173324996, 0.3475330724602836, 0.0622383476496885]
[0.20492617537121208, 0.20682504376751262, 0.19051072983197587, 0.19267517882507282, 0.20506287220422661]
[0.045044967080339296, 0.04115660025958063, 0.4354881960856573, 0.43458319334474743, 0.043727043229675244]
[0.12573369390785058, 0.08734879184479748, 0.5555781448307092, 0.10774556988875812, 0.12359379952788456]
pat_14_harold_in.txt	Iteration 7	Current loglikelihood -1311507.4059808424	Improvement 42.04002802958712
0	0.08738	0.15344	0.00000	0.65448	0.10469
1	0.06255	0.07031	0.45737	0.34753	0.06224
2	0.20493	0.20683	0.19051	0.19268	0.20506
3	0.04504	0.04116	0.43549	0.43458	0.04373
4	0.12573	0.08735	0.55558	0.10775	0.12359
[0.999, 0.03]
[0.08520070778980215, 0.15266798580114316, 0.0, 0.6589601261179051, 0.10317118029114958]
[0.06230417220396986, 0.07011963411320599, 0.48137920308701637, 0.3244413585457047, 0.06175563205010304]
[0.20492617537121208, 0.20682504376751262, 0.19051072983197587, 0.19267517882507282, 0.20506287220422661]
[0.044585953428877056, 0.04078693018025093, 0.49983371831433177, 0.3713737570388419, 0.04341964103769835]
[0.1256764346285951, 0.08693397663694942, 0.5757648630145581, 0.08830404836920108, 0.12332067735069624]
pat_14_harold_in.txt	Iteration 8	Current loglikelihood -1311471.6679011981	Improvement 35.73807964427397
0	0.08520	0.15267	0.00000	0.65896	0.10317
1	0.06230	0.07012	0.48138	0.32444	0.06176
2	0.20493	0.20683	0.19051	0.19268	0.20506
3	0.04459	0.04079	0.49983	0.37137	0.04342
4	0.12568	0.08693	0.57576	0.08830	0.12332
[0.999, 0.03]
[0.08323890568189904, 0.15205387369151482, 0.0, 0.6625946277871945, 0.10211259283939167]
[0.0621249311279532, 0.06988193715420166, 0.5085135459005051, 0.2981340323247976, 0.06134555349254234]
[0.20492617537121208, 0.20682504376751262, 0.19051072983197587, 0.19267517882507282, 0.20506287220422661]
[0.04417569226437236, 0.040418744263361395, 0.5427952532047592, 0.32952637706021126, 0.043083933207295755]
[0.12577860468352856, 0.08669559800586406, 0.5953842550923436, 0.06877613054889245, 0.1233654116693714]
pat_14_harold_in.txt	Iteration 9	Current loglikelihood -1311450.2551694468	Improvement 21.412731751333922
0	0.08324	0.15205	0.00000	0.66259	0.10211
1	0.06212	0.06988	0.50851	0.29813	0.06135
2	0.20493	0.20683	0.19051	0.19268	0.20506
3	0.04418	0.04042	0.54280	0.32953	0.04308
4	0.12578	0.08670	0.59538	0.06878	0.12337
[0.999, 0.03]
[0.08152608636008894, 0.15204468297528487, 0.0, 0.6650249411916885, 0.10140428947293767]
[0.06204360977429987, 0.06956861972360115, 0.5263294567203517, 0.2810216668279602, 0.06103664695378702]
[0.20492617537121208, 0.20682504376751262, 0.19051072983197587, 0.19267517882507282, 0.20506287220422661]
[0.04390258396042759, 0.040122166248903704, 0.5643650492666468, 0.3088360183252701, 0.04277418219875184]
[0.12592387483651057, 0.08651650580082862, 0.6139521843158596, 0.05005451859907075, 0.12355291644773045]
pat_14_harold_in.txt	Iteration 10	Current loglikelihood -1311438.8756468652	Improvement 11.379522581584752
0	0.08153	0.15204	0.00000	0.66502	0.10140
1	0.06204	0.06957	0.52633	0.28102	0.06104
2	0.20493	0.20683	0.19051	0.19268	0.20506
3	0.04390	0.04012	0.56437	0.30884	0.04277
4	0.12592	0.08652	0.61395	0.05005	0.12355
[0.999, 0.03]
[0.07999722457308436, 0.1519911141717609, 0.0, 0.6670124031980328, 0.10099925805712195]
[0.06203878743266941, 0.06926957951268578, 0.5358309332304225, 0.2720205457651189, 0.06084015405910337]
[0.20492617537121208, 0.20682504376751262, 0.19051072983197587, 0.19267517882507282, 0.20506287220422661]
[0.04374680104557645, 0.03992397933237799, 0.5733132591998312, 0.3004263867150392, 0.04258957370717509]
[0.12611939984901685, 0.08644427171846435, 0.6335647937949462, 0.030199227893943293, 0.12367230674362924]
pat_14_harold_in.txt	Iteration 11	Current loglikelihood -1311431.6844632353	Improvement 7.191183629911393
0	0.08000	0.15199	0.00000	0.66701	0.10100
1	0.06204	0.06927	0.53583	0.27202	0.06084
2	0.20493	0.20683	0.19051	0.19268	0.20506
3	0.04375	0.03992	0.57331	0.30043	0.04259
4	0.12612	0.08644	0.63356	0.03020	0.12367
[0.999, 0.03]
[0.07849889115492888, 0.1514901205271866, 9.231210103205037E-4, 0.6684534721772674, 0.1006343951302966]
[0.06213204000068582, 0.06908204662364993, 0.5411237693263349, 0.2669549268150216, 0.060707217234307775]
[0.20492617537121208, 0.20682504376751262, 0.19051072983197587, 0.19267517882507282, 0.20506287220422661]
[0.04366567186271191, 0.03979743217224512, 0.5760172605500788, 0.298022961894874, 0.04249667352009023]
[0.1264814519373735, 0.08649182966431834, 0.6565452953960638, 0.006659352157308764, 0.12382207084493564]
pat_14_harold_in.txt	Iteration 12	Current loglikelihood -1311429.6688957063	Improvement 2.015567529015243
0	0.07850	0.15149	0.00092	0.66845	0.10063
1	0.06213	0.06908	0.54112	0.26695	0.06071
2	0.20493	0.20683	0.19051	0.19268	0.20506
3	0.04367	0.03980	0.57602	0.29802	0.04250
4	0.12648	0.08649	0.65655	0.00666	0.12382
[0.999, 0.03]
[0.07714765415063697, 0.1514428079106091, 0.00395931062409867, 0.6665419772377695, 0.10090825007688575]
[0.062234413460303895, 0.06895887058742865, 0.5450437752139757, 0.263116382229685, 0.06064655850860673]
[0.20492617537121208, 0.20682504376751262, 0.19051072983197587, 0.19267517882507282, 0.20506287220422661]
[0.04364143594111587, 0.0397979499237039, 0.5767064386353233, 0.29741663115867556, 0.0424375443411813]
[0.12651272578886846, 0.08649337706648347, 0.6632657188399554, 0.0, 0.12372817830469252]
pat_14_harold_in.txt	Iteration 13	Current loglikelihood -1311422.7774787433	Improvement 6.89141696295701
0	0.07715	0.15144	0.00396	0.66654	0.10091
1	0.06223	0.06896	0.54504	0.26312	0.06065
2	0.20493	0.20683	0.19051	0.19268	0.20506
3	0.04364	0.03980	0.57671	0.29742	0.04244
4	0.12651	0.08649	0.66327	0.00000	0.12373
[0.999, 0.03]
[0.07583023413335023, 0.15131466232345267, 0.009468325811457005, 0.6620259923397495, 0.10136078539199067]
[0.06231975139551604, 0.06884632580242848, 0.5478235293395163, 0.26046419316965164, 0.0605462002928876]
[0.20492617537121208, 0.20682504376751262, 0.19051072983197587, 0.19267517882507282, 0.20506287220422661]
[0.04361300522930402, 0.039808063623812874, 0.5772016377801827, 0.2969978233437936, 0.04237947002290682]
[0.12649312562182716, 0.08644196547726404, 0.6635424968556409, 0.0, 0.12352241204526793]
pat_14_harold_in.txt	Iteration 14	Current loglikelihood -1311413.5335414463	Improvement 9.243937297025695
0	0.07583	0.15131	0.00947	0.66203	0.10136
1	0.06232	0.06885	0.54782	0.26046	0.06055
2	0.20493	0.20683	0.19051	0.19268	0.20506
3	0.04361	0.03981	0.57720	0.29700	0.04238
4	0.12649	0.08644	0.66354	0.00000	0.12352
[0.999, 0.03]
[0.07444332423928314, 0.15108291934671278, 0.01771074938971191, 0.654831970303163, 0.10193103672112913]
[0.06236729387977985, 0.06873663538775124, 0.5500521392293383, 0.25842653058478443, 0.06041740091834619]
[0.20492617537121208, 0.20682504376751262, 0.19051072983197587, 0.19267517882507282, 0.20506287220422661]
[0.04356376382122491, 0.03977427655180514, 0.5783224042673125, 0.29604656086458314, 0.04229299449507429]
[0.1264976431237307, 0.08646443256073975, 0.6637297204910368, 0.0, 0.1233082038244927]
pat_14_harold_in.txt	Iteration 15	Current loglikelihood -1311404.4000819363	Improvement 9.133459510048851
0	0.07444	0.15108	0.01771	0.65483	0.10193
1	0.06237	0.06874	0.55005	0.25843	0.06042
2	0.20493	0.20683	0.19051	0.19268	0.20506
3	0.04356	0.03977	0.57832	0.29605	0.04229
4	0.12650	0.08646	0.66373	0.00000	0.12331
[0.999, 0.03]
[0.07289991112330838, 0.15071207441709494, 0.02843607090223771, 0.6452498583412599, 0.10270208521609903]
[0.06237732248772049, 0.06863203277658254, 0.5524441713624142, 0.256273967457251, 0.06027250591603178]
[0.20492617537121208, 0.20682504376751262, 0.19051072983197587, 0.19267517882507282, 0.20506287220422661]
[0.04351042514407688, 0.03972182546908258, 0.5796836058100476, 0.2948994556371126, 0.04218468793968033]
[0.1264449061142157, 0.0864686482499431, 0.6640467731337972, 0.0, 0.12303967250204406]
pat_14_harold_in.txt	Iteration 16	Current loglikelihood -1311393.6957622818	Improvement 10.70431965449825
0	0.07290	0.15071	0.02844	0.64525	0.10270
1	0.06238	0.06863	0.55244	0.25627	0.06027
2	0.20493	0.20683	0.19051	0.19268	0.20506
3	0.04351	0.03972	0.57968	0.29490	0.04218
4	0.12644	0.08647	0.66405	0.00000	0.12304
[0.999, 0.03]
[0.07131561139041556, 0.15017305116360416, 0.04048312577632646, 0.6343910730427219, 0.10363713862693191]
[0.06243086696741573, 0.06843274234144608, 0.5552497919043304, 0.2537816101922171, 0.06010498859459068]
[0.20492617537121208, 0.20682504376751262, 0.19051072983197587, 0.19267517882507282, 0.20506287220422661]
[0.04343873164911982, 0.03964091364695061, 0.581666463454991, 0.2931824814926598, 0.042071409756278766]
[0.12640364112790417, 0.08652796008726743, 0.6643064620438054, 0.0, 0.12276193674102298]
pat_14_harold_in.txt	Iteration 17	Current loglikelihood -1311380.5756096286	Improvement 13.120152653194964
0	0.07132	0.15017	0.04048	0.63439	0.10364
1	0.06243	0.06843	0.55525	0.25378	0.06010
2	0.20493	0.20683	0.19051	0.19268	0.20506
3	0.04344	0.03964	0.58167	0.29318	0.04207
4	0.12640	0.08653	0.66431	0.00000	0.12276
[0.999, 0.03]
[0.06961200750775748, 0.14956852580392177, 0.0527558898480193, 0.6234222977054255, 0.10464127913487598]
[0.06251801912605595, 0.06825363397936628, 0.5581887477309753, 0.2511589916886906, 0.05988060747491197]
[0.20492617537121208, 0.20682504376751262, 0.19051072983197587, 0.19267517882507282, 0.20506287220422661]
[0.043365405821129854, 0.03957393342184889, 0.583899126781313, 0.2912354457481979, 0.04192608822751037]
[0.12625706020623675, 0.08670254988967123, 0.664558517414423, 0.0, 0.12248187248966913]
pat_14_harold_in.txt	Iteration 18	Current loglikelihood -1311368.2465429208	Improvement 12.329066707752645
0	0.06961	0.14957	0.05276	0.62342	0.10464
1	0.06252	0.06825	0.55819	0.25116	0.05988
2	0.20493	0.20683	0.19051	0.19268	0.20506
3	0.04337	0.03957	0.58390	0.29124	0.04193
4	0.12626	0.08670	0.66456	0.00000	0.12248
[0.999, 0.03]
[0.06788736592713825, 0.14898114796728512, 0.06424295501664606, 0.6131522904909158, 0.10573624059801479]
[0.06258932239845245, 0.06804991661363355, 0.560985721378999, 0.2487239377558632, 0.05965110185305167]
[0.20492617537121208, 0.20682504376751262, 0.19051072983197587, 0.19267517882507282, 0.20506287220422661]
[0.0433004042969522, 0.03950273361526724, 0.5861893884715924, 0.289230251332159, 0.04177722228402908]
[0.12615894747035838, 0.08683693549744158, 0.6647485918455741, 0.0, 0.12225552518662597]
pat_14_harold_in.txt	Iteration 19	Current loglikelihood -1311355.7316275754	Improvement 12.51491534546949
0	0.06789	0.14898	0.06424	0.61315	0.10574
1	0.06259	0.06805	0.56099	0.24872	0.05965
2	0.20493	0.20683	0.19051	0.19268	0.20506
3	0.04330	0.03950	0.58619	0.28923	0.04178
4	0.12616	0.08684	0.66475	0.00000	0.12226
[0.999, 0.03]
[0.06608566754155248, 0.14841779113282924, 0.07418362806576012, 0.6043603167722031, 0.10695259648765498]
[0.0626946319647445, 0.0678492205281278, 0.5635930434511409, 0.24642254728812746, 0.059440556767859365]
[0.20492617537121208, 0.20682504376751262, 0.19051072983197587, 0.19267517882507282, 0.20506287220422661]
[0.04327692621516615, 0.03943452814557726, 0.5882334982923877, 0.2874398686405923, 0.04161517870627668]
[0.12607404142198067, 0.08697156291361595, 0.6649689008934416, 0.0, 0.12198549477096177]
pat_14_harold_in.txt	Iteration 20	Current loglikelihood -1311345.1371814557	Improvement 10.594446119619533
0	0.06609	0.14842	0.07418	0.60436	0.10695
1	0.06269	0.06785	0.56359	0.24642	0.05944
2	0.20493	0.20683	0.19051	0.19268	0.20506
3	0.04328	0.03943	0.58823	0.28744	0.04162
4	0.12607	0.08697	0.66497	0.00000	0.12199
[0.999, 0.03]
[0.06412517326738196, 0.14790395283442745, 0.08257033430191874, 0.5971105276745342, 0.1082900119217376]
[0.06280338385248978, 0.06766816048575217, 0.565973697446765, 0.2443227951856696, 0.059231963029323514]
[0.20492617537121208, 0.20682504376751262, 0.19051072983197587, 0.19267517882507282, 0.20506287220422661]
[0.04324361800950211, 0.03937406935495594, 0.5901528094741632, 0.28576932832486573, 0.04146017483651304]
[0.1259645860056647, 0.08704378319420901, 0.6652878375154465, 0.0, 0.12170379328467973]
pat_14_harold_in.txt	Iteration 21	Current loglikelihood -1311334.349273951	Improvement 10.787907504709437
0	0.06413	0.14790	0.08257	0.59711	0.10829
1	0.06280	0.06767	0.56597	0.24432	0.05923
2	0.20493	0.20683	0.19051	0.19268	0.20506
3	0.04324	0.03937	0.59015	0.28577	0.04146
4	0.12596	0.08704	0.66529	0.00000	0.12170
[0.999, 0.03]
[0.06201409201095918, 0.14744389715737663, 0.08989919979380154, 0.5910209085596787, 0.10962190247818393]
[0.06289209932502549, 0.0674566418393768, 0.5680724096749773, 0.24252439080148955, 0.05905445835913084]
[0.20492617537121208, 0.20682504376751262, 0.19051072983197587, 0.19267517882507282, 0.20506287220422661]
[0.04319932244161542, 0.03930440592514944, 0.591964068914058, 0.2842192226999712, 0.04131298001920608]
[0.12590974095467458, 0.08710531615689578, 0.6655752869531181, 0.0, 0.12140965593531161]
pat_14_harold_in.txt	Iteration 22	Current loglikelihood -1311325.5994825196	Improvement 8.749791431473568
0	0.06201	0.14744	0.08990	0.59102	0.10962
1	0.06289	0.06746	0.56807	0.24252	0.05905
2	0.20493	0.20683	0.19051	0.19268	0.20506
3	0.04320	0.03930	0.59196	0.28422	0.04131
4	0.12591	0.08711	0.66558	0.00000	0.12141
[0.999, 0.03]
[0.0597623991175736, 0.14702640982593676, 0.09596303484432431, 0.586229919919266, 0.11101823629289931]
[0.06307828315453302, 0.0672186763228488, 0.5698790213192486, 0.2409423884034699, 0.05888163079989964]
[0.20492617537121208, 0.20682504376751262, 0.19051072983197587, 0.19267517882507282, 0.20506287220422661]
[0.04319955748835048, 0.03924784548953017, 0.5934692023546703, 0.28295266980312195, 0.04113072486432712]
[0.12600130030970394, 0.08717450304275431, 0.6657145173477691, 0.0, 0.12110967929977268]
pat_14_harold_in.txt	Iteration 23	Current loglikelihood -1311318.627282565	Improvement 6.972199954558164
0	0.05976	0.14703	0.09596	0.58623	0.11102
1	0.06308	0.06722	0.56988	0.24094	0.05888
2	0.20493	0.20683	0.19051	0.19268	0.20506
3	0.04320	0.03925	0.59347	0.28295	0.04113
4	0.12600	0.08717	0.66571	0.00000	0.12111
[0.999, 0.03]
[0.05728840856630257, 0.14666007355864114, 0.10127036950113401, 0.5822287651904836, 0.11255238318343863]
[0.0631871217270153, 0.06701901137474627, 0.5713356413572551, 0.239739059506573, 0.058719166034410325]
[0.20492617537121208, 0.20682504376751262, 0.19051072983197587, 0.19267517882507282, 0.20506287220422661]
[0.043208764117024456, 0.03920520822064447, 0.594673934613396, 0.28194763635904374, 0.04096445668989135]
[0.12606318507952144, 0.0872126212351012, 0.6658995415672286, 0.0, 0.12082465211814875]
pat_14_harold_in.txt	Iteration 24	Current loglikelihood -1311310.9855591375	Improvement 7.641723427455872
0	0.05729	0.14666	0.10127	0.58223	0.11255
1	0.06319	0.06702	0.57134	0.23974	0.05872
2	0.20493	0.20683	0.19051	0.19268	0.20506
3	0.04321	0.03921	0.59467	0.28195	0.04096
4	0.12606	0.08721	0.66590	0.00000	0.12082
[0.999, 0.03]
[0.05449313011294361, 0.14632693802665656, 0.10582232919074756, 0.5791436970310306, 0.11421390563862166]
[0.06328785886192316, 0.06683647041180403, 0.5725421434551579, 0.23879001603614794, 0.05854351123496701]
[0.20492617537121208, 0.20682504376751262, 0.19051072983197587, 0.19267517882507282, 0.20506287220422661]
[0.04323561692105063, 0.039152390330613324, 0.5957963350408054, 0.28101867880301806, 0.04079697890451256]
[0.12614282439030425, 0.08731976570877643, 0.6661095769354782, 0.0, 0.12042783296544113]
pat_14_harold_in.txt	Iteration 25	Current loglikelihood -1311304.3084982412	Improvement 6.677060896297917
0	0.05449	0.14633	0.10582	0.57914	0.11421
1	0.06329	0.06684	0.57254	0.23879	0.05854
2	0.20493	0.20683	0.19051	0.19268	0.20506
3	0.04324	0.03915	0.59580	0.28102	0.04080
4	0.12614	0.08732	0.66611	0.00000	0.12043
[0.999, 0.03]
[0.05135167604210764, 0.14587852619459227, 0.10989179384459188, 0.5769303722465893, 0.11594763167211886]
[0.06336372907612618, 0.06671366830246216, 0.5736049531826305, 0.23801403038145932, 0.058303619057321815]
[0.20492617537121208, 0.20682504376751262, 0.19051072983197587, 0.19267517882507282, 0.20506287220422661]
[0.04324877454436661, 0.03910181654531379, 0.5967161917530313, 0.2802934952857851, 0.040639721871503276]
[0.12619266705112894, 0.08733946798975778, 0.6664085228379931, 0.0, 0.12005934212112013]
pat_14_harold_in.txt	Iteration 26	Current loglikelihood -1311294.9986663433	Improvement 9.309831897960976
0	0.05135	0.14588	0.10989	0.57693	0.11595
1	0.06336	0.06671	0.57360	0.23801	0.05830
2	0.20493	0.20683	0.19051	0.19268	0.20506
3	0.04325	0.03910	0.59672	0.28029	0.04064
4	0.12619	0.08734	0.66641	0.00000	0.12006
[0.999, 0.03]
[0.04770293111528391, 0.14551495614665394, 0.11375368262743375, 0.5753596048945184, 0.11766882521610988]
[0.06338854080404825, 0.0665851440603045, 0.574610383798003, 0.23736171677731954, 0.05805421456032478]
[0.20492617537121208, 0.20682504376751262, 0.19051072983197587, 0.19267517882507282, 0.20506287220422661]
[0.04325581497951094, 0.03902239354163617, 0.5976228609768783, 0.2796298928915326, 0.04046903761044196]
[0.12619674337881778, 0.0872216793274927, 0.666894507263342, 0.0, 0.11968707003034751]
pat_14_harold_in.txt	Iteration 27	Current loglikelihood -1311284.432179366	Improvement 10.566486977273598
0	0.04770	0.14551	0.11375	0.57536	0.11767
1	0.06339	0.06659	0.57461	0.23736	0.05805
2	0.20493	0.20683	0.19051	0.19268	0.20506
3	0.04326	0.03902	0.59762	0.27963	0.04047
4	0.12620	0.08722	0.66689	0.00000	0.11969
[0.999, 0.03]
[0.04332895507486921, 0.1450958201473419, 0.11759492189438255, 0.5743554622533275, 0.11962484063007883]
[0.06343829013341393, 0.0664591105545118, 0.5755067926227798, 0.23683984191631688, 0.057755964772977536]
[0.20492617537121208, 0.20682504376751262, 0.19051072983197587, 0.19267517882507282, 0.20506287220422661]
[0.04325120338788641, 0.03894723277484749, 0.5984411239217194, 0.279063763753031, 0.04029667616251564]
[0.12618276147470914, 0.08713306267592538, 0.6674449080015696, 0.0, 0.11923926784779593]
pat_14_harold_in.txt	Iteration 28	Current loglikelihood -1311270.2154922888	Improvement 14.216687077190727
0	0.04333	0.14510	0.11759	0.57436	0.11962
1	0.06344	0.06646	0.57551	0.23684	0.05776
2	0.20493	0.20683	0.19051	0.19268	0.20506
3	0.04325	0.03895	0.59844	0.27906	0.04030
4	0.12618	0.08713	0.66744	0.00000	0.11924
[0.999, 0.03]
[0.03786877702392425, 0.14472430523890273, 0.12178883144782471, 0.5740010497952572, 0.12161703649409106]
[0.06350925775845648, 0.06636770038849246, 0.5764184938455825, 0.23633674155518647, 0.05736780645228201]
[0.20492617537121208, 0.20682504376751262, 0.19051072983197587, 0.19267517882507282, 0.20506287220422661]
[0.04325910457384423, 0.03883630519769724, 0.5992146334372652, 0.2786162130832926, 0.04007374370790079]
[0.12621470962164055, 0.08693082233151943, 0.6682411551098262, 0.0, 0.11861331293701383]
pat_14_harold_in.txt	Iteration 29	Current loglikelihood -1311254.1711856262	Improvement 16.044306662632152
0	0.03787	0.14472	0.12179	0.57400	0.12162
1	0.06351	0.06637	0.57642	0.23634	0.05737
2	0.20493	0.20683	0.19051	0.19268	0.20506
3	0.04326	0.03884	0.59921	0.27862	0.04007
4	0.12621	0.08693	0.66824	0.00000	0.11861
[0.999, 0.03]
[0.03024191402025768, 0.14422057523308696, 0.1269286935249438, 0.5745935154281965, 0.12401530179351505]
[0.06359152461384499, 0.06618159393088716, 0.5774437787226413, 0.23588435618759968, 0.05689874654502686]
[0.20492617537121208, 0.20682504376751262, 0.19051072983197587, 0.19267517882507282, 0.20506287220422661]
[0.04331025492481333, 0.03867330379031384, 0.6001242904487921, 0.2780620217075598, 0.03983012912852091]
[0.12615793692137514, 0.08659461454633387, 0.6692674168594728, 0.0, 0.11798003167281823]
pat_14_harold_in.txt	Iteration 30	Current loglikelihood -1311230.002590267	Improvement 24.168595359195024
0	0.03024	0.14422	0.12693	0.57459	0.12402
1	0.06359	0.06618	0.57744	0.23588	0.05690
2	0.20493	0.20683	0.19051	0.19268	0.20506
3	0.04331	0.03867	0.60013	0.27806	0.03983
4	0.12616	0.08659	0.66927	0.00000	0.11798
[0.999, 0.03]
[0.017785893831234346, 0.14407904032480062, 0.13421645941683316, 0.5771195554663354, 0.12679905096079647]
[0.06366321260296318, 0.06588057529368549, 0.5787856696927479, 0.2353939749769187, 0.05627656743368473]
[0.20492617537121208, 0.20682504376751262, 0.19051072983197587, 0.19267517882507282, 0.20506287220422661]
[0.04325732278753098, 0.03850964633358678, 0.6013209199994807, 0.2773810877519122, 0.039531023127489295]
[0.12599746169858903, 0.08602760785243002, 0.6707070466186867, 0.0, 0.11726788383029418]
pat_14_harold_in.txt	Iteration 31	Current loglikelihood -1311195.380861355	Improvement 34.62172891199589
0	0.01779	0.14408	0.13422	0.57712	0.12680
1	0.06366	0.06588	0.57879	0.23539	0.05628
2	0.20493	0.20683	0.19051	0.19268	0.20506
3	0.04326	0.03851	0.60132	0.27738	0.03953
4	0.12600	0.08603	0.67071	0.00000	0.11727
[0.999, 0.03]
[0.0, 0.14411134931706682, 0.14441649740946408, 0.5817550675051443, 0.12971708576832486]
[0.06380585329901885, 0.06537811274720082, 0.5807007128187133, 0.23469453077998273, 0.055420790355084265]
[0.20492617537121208, 0.20682504376751262, 0.19051072983197587, 0.19267517882507282, 0.20506287220422661]
[0.043199716753755266, 0.03824458274901405, 0.6028864413560848, 0.2765912530274047, 0.039078006113741126]
[0.12586738255336513, 0.0851119302673194, 0.6729050134817837, 0.0, 0.11611567369753173]
pat_14_harold_in.txt	Iteration 32	Current loglikelihood -1311155.080673761	Improvement 40.300187594024464
0	0.00000	0.14411	0.14442	0.58176	0.12972
1	0.06381	0.06538	0.58070	0.23469	0.05542
2	0.20493	0.20683	0.19051	0.19268	0.20506
3	0.04320	0.03824	0.60289	0.27659	0.03908
4	0.12587	0.08511	0.67291	0.00000	0.11612
[0.999, 0.03]
[0.0, 0.1425701280186381, 0.14892162834622938, 0.577910035590482, 0.1305982080446505]
[0.06406848745562231, 0.06451050068863877, 0.5833029688326494, 0.23375855331111645, 0.054359489711973075]
[0.20492617537121208, 0.20682504376751262, 0.19051072983197587, 0.19267517882507282, 0.20506287220422661]
[0.04315786980243018, 0.037821332131643626, 0.6051314717803303, 0.27538504664405666, 0.038504279641539185]
[0.12593216363587403, 0.08398586412006424, 0.6754803086112977, 0.0, 0.11460166363276403]
pat_14_harold_in.txt	Iteration 33	Current loglikelihood -1311105.9419688068	Improvement 49.13870495418087
0	0.00000	0.14257	0.14892	0.57791	0.13060
1	0.06407	0.06451	0.58330	0.23376	0.05436
2	0.20493	0.20683	0.19051	0.19268	0.20506
3	0.04316	0.03782	0.60513	0.27539	0.03850
4	0.12593	0.08399	0.67548	0.00000	0.11460
[0.999, 0.03]
[0.0, 0.14131179371329064, 0.1534611855845365, 0.5741973392972239, 0.13102968140494897]
[0.06407312800978658, 0.06399973062298452, 0.5850650144044216, 0.23308119302434063, 0.053780933938466696]
[0.20492617537121208, 0.20682504376751262, 0.19051072983197587, 0.19267517882507282, 0.20506287220422661]
[0.043013704256149934, 0.037638746439620355, 0.6064110949375853, 0.2747795340703277, 0.03815692029631673]
[0.1259013612949247, 0.08357985070515517, 0.6766637358934191, 0.0, 0.11385505210650104]
pat_14_harold_in.txt	Iteration 34	Current loglikelihood -1311081.699323832	Improvement 24.242644974729046
0	0.00000	0.14131	0.15346	0.57420	0.13103
1	0.06407	0.06400	0.58507	0.23308	0.05378
2	0.20493	0.20683	0.19051	0.19268	0.20506
3	0.04301	0.03764	0.60641	0.27478	0.03816
4	0.12590	0.08358	0.67666	0.00000	0.11386
[0.999, 0.03]
[0.0, 0.14042944501408322, 0.15740357348294107, 0.5708697184065188, 0.13129726309645684]
[0.06400577462396831, 0.06367179976882961, 0.5863751458656047, 0.23246107035626615, 0.053486209385331246]
[0.20492617537121208, 0.20682504376751262, 0.19051072983197587, 0.19267517882507282, 0.20506287220422661]
[0.042895613103569645, 0.037508987309584255, 0.6074616631204195, 0.2741941846784342, 0.03793955178799241]
[0.12592273627351877, 0.08335200753578093, 0.6774001976516849, 0.0, 0.11332505853901542]
pat_14_harold_in.txt	Iteration 35	Current loglikelihood -1311067.6176685644	Improvement 14.081655267626047
0	0.00000	0.14043	0.15740	0.57087	0.13130
1	0.06401	0.06367	0.58638	0.23246	0.05349
2	0.20493	0.20683	0.19051	0.19268	0.20506
3	0.04290	0.03751	0.60746	0.27419	0.03794
4	0.12592	0.08335	0.67740	0.00000	0.11333
[0.999, 0.03]
[0.0, 0.13982859007097134, 0.16067646949217992, 0.5680126876492462, 0.1314822527876025]
[0.06393501773211877, 0.06348519099774769, 0.5873176088526083, 0.23189730827379748, 0.05336487414372784]
[0.20492617537121208, 0.20682504376751262, 0.19051072983197587, 0.19267517882507282, 0.20506287220422661]
[0.04281164200765265, 0.03744626319249119, 0.6082495146194167, 0.27368776679834933, 0.03780481338209013]
[0.12593586392620942, 0.08337689462182338, 0.6777016710331184, 0.0, 0.11298557041884882]
pat_14_harold_in.txt	Iteration 36	Current loglikelihood -1311059.8068149334	Improvement 7.8108536310028285
0	0.00000	0.13983	0.16068	0.56801	0.13148
1	0.06394	0.06349	0.58732	0.23190	0.05336
2	0.20493	0.20683	0.19051	0.19268	0.20506
3	0.04281	0.03745	0.60825	0.27369	0.03780
4	0.12594	0.08338	0.67770	0.00000	0.11299
[0.999, 0.03]
[0.0, 0.13943748523172056, 0.16323687069481913, 0.5656751502874257, 0.13165049378603466]
[0.06387412029097224, 0.06333293506530786, 0.5880945393079867, 0.23140134832263598, 0.053297057013097116]
[0.20492617537121208, 0.20682504376751262, 0.19051072983197587, 0.19267517882507282, 0.20506287220422661]
[0.042762428469534, 0.037423886384252966, 0.6088562080573215, 0.2732253991739185, 0.037732077914972906]
[0.1259969576246667, 0.08343714786503235, 0.6778619842162545, 0.0, 0.11270391029404647]
pat_14_harold_in.txt	Iteration 37	Current loglikelihood -1311055.7883277005	Improvement 4.018487232970074
0	0.00000	0.13944	0.16324	0.56568	0.13165
1	0.06387	0.06333	0.58809	0.23140	0.05330
2	0.20493	0.20683	0.19051	0.19268	0.20506
3	0.04276	0.03742	0.60886	0.27323	0.03773
4	0.12600	0.08344	0.67786	0.00000	0.11270
[0.999, 0.03]
[0.0, 0.13914818176199945, 0.16536759754844685, 0.563723923785641, 0.13176029690391267]
[0.06383950776746428, 0.0632340166723365, 0.5886602933793416, 0.23099301362405428, 0.05327316855680336]
[0.20492617537121208, 0.20682504376751262, 0.19051072983197587, 0.19267517882507282, 0.20506287220422661]
[0.042719355861301815, 0.03741970708367576, 0.6092878117215672, 0.2728955726492643, 0.037677552684190874]
[0.12604530239984826, 0.08354191345388996, 0.6779629833303004, 0.0, 0.11244980081596145]
pat_14_harold_in.txt	Iteration 38	Current loglikelihood -1311053.6135376135	Improvement 2.174790086923167
0	0.00000	0.13915	0.16537	0.56372	0.13176
1	0.06384	0.06323	0.58866	0.23099	0.05327
2	0.20493	0.20683	0.19051	0.19268	0.20506
3	0.04272	0.03742	0.60929	0.27290	0.03768
4	0.12605	0.08354	0.67796	0.00000	0.11245
[0.999, 0.03]
[0.0, 0.13894586374788478, 0.1670643630340957, 0.5621324310699131, 0.13185734214810652]
[0.06382640492531318, 0.06315538019769758, 0.5891148020816213, 0.2306229664763841, 0.05328044631898379]
[0.20492617537121208, 0.20682504376751262, 0.19051072983197587, 0.19267517882507282, 0.20506287220422661]
[0.042690661440548346, 0.0374186505664689, 0.6096438425972188, 0.2726021330380515, 0.037644712357712495]
[0.12607435172373932, 0.08363541265004212, 0.6780595442398567, 0.0, 0.11223069138636188]
pat_14_harold_in.txt	Iteration 39	Current loglikelihood -1311052.1230564062	Improvement 1.4904812073800713
0	0.00000	0.13895	0.16706	0.56213	0.13186
1	0.06383	0.06316	0.58911	0.23062	0.05328
2	0.20493	0.20683	0.19051	0.19268	0.20506
3	0.04269	0.03742	0.60964	0.27260	0.03764
4	0.12607	0.08364	0.67806	0.00000	0.11223
[0.999, 0.03]
[0.0, 0.1388071074983342, 0.168345698943009, 0.5609240357901324, 0.13192315776852448]
[0.06381654012670546, 0.06309767624346821, 0.5894926819995446, 0.2302874468795639, 0.05330565475071783]
[0.20492617537121208, 0.20682504376751262, 0.19051072983197587, 0.19267517882507282, 0.20506287220422661]
[0.04267005297731009, 0.03741744195564124, 0.6097696845089653, 0.27252114989268167, 0.03762167066540173]
[0.12611047922294907, 0.08374226984541762, 0.6781113753632825, 0.0, 0.11203587556835082]
pat_14_harold_in.txt	Iteration 40	Current loglikelihood -1311051.1271503102	Improvement 0.9959060959517956
0	0.00000	0.13881	0.16835	0.56092	0.13192
1	0.06382	0.06310	0.58949	0.23029	0.05331
2	0.20493	0.20683	0.19051	0.19268	0.20506
3	0.04267	0.03742	0.60977	0.27252	0.03762
4	0.12611	0.08374	0.67811	0.00000	0.11204
Finished pre-optimsation, Total loglikelihood = -1311051.1271503102
[0.999, 0.03]
[0.0, 0.13880710067913643, 0.1683459537197073, 0.5609237992056749, 0.1319231463954813]
[0.06381654012670546, 0.06309767624346821, 0.5894926819995446, 0.2302874468795639, 0.05330565475071783]
[0.20492617537121208, 0.20682504376751262, 0.19051072983197587, 0.19267517882507282, 0.20506287220422661]
[0.0426700581958575, 0.03741743570717911, 0.6097696342255945, 0.27252112676929896, 0.03762174510206995]
[0.12611049029161558, 0.08374233165150416, 0.6781112412258942, 0.0, 0.11203593683098612]
[0.999, 0.03]
[0.0, 0.1387095307898655, 0.1692963368145853, 0.5600204235202104, 0.13197370887533877]
[0.06380833241660783, 0.06305227851882454, 0.5897792507075382, 0.23001960148826375, 0.05334053686876558]
[0.20492617537121208, 0.20682504376751262, 0.19051072983197587, 0.19267517882507282, 0.20506287220422661]
[0.04265928613894798, 0.03741512544807991, 0.6099100157696645, 0.27241211718870817, 0.03760345545459942]
[0.12616018685700667, 0.08385694706504403, 0.6781368828872256, 0.0, 0.1118459831907237]
pat_14_harold_in.txt	Iteration 0	Current loglikelihood -1311050.4613289523	Improvement 0.6662333176936954
0	0.00000	0.13871	0.16930	0.56002	0.13197
1	0.06381	0.06305	0.58978	0.23002	0.05334
2	0.20493	0.20683	0.19051	0.19268	0.20506
3	0.04266	0.03742	0.60991	0.27241	0.03760
4	0.12616	0.08386	0.67814	0.00000	0.11185
Optimising alpha = [0.999, 0.03]	Total loglikelihood = 1311050.4613289523	Best loglikelihood = 1311050.4613289523
[0.999, 0.031]
[0.0, 0.13870950129856383, 0.1692960058156022, 0.5600207495320192, 0.13197374335381473]
[0.06380828881281142, 0.06305233790227749, 0.5897785679107662, 0.23002032257777094, 0.053340482796373934]
[0.20492617537121208, 0.20682504376751262, 0.19051072983197587, 0.19267517882507282, 0.20506287220422661]
[0.04265928613894798, 0.03741512544807991, 0.6099100157696645, 0.27241211718870817, 0.03760345545459942]
[0.12616018685700667, 0.08385694706504403, 0.6781368828872256, 0.0, 0.1118459831907237]
[0.999, 0.031]
[0.0, 0.13847887570795758, 0.1697191997681025, 0.5598084010620037, 0.13199352346193627]
[0.06381688778607969, 0.06288886702490583, 0.5900580806189314, 0.22975860487626013, 0.053477559693823035]
[0.20492617537121208, 0.20682504376751262, 0.19051072983197587, 0.19267517882507282, 0.20506287220422661]
[0.04266876792664739, 0.03753487582704708, 0.6098479934775093, 0.2722046586512674, 0.03774370411752881]
[0.1258510442616044, 0.08398475960054783, 0.678812325514991, 0.0, 0.11135187062285667]
pat_14_harold_in.txt	Iteration 0	Current loglikelihood -1312269.2390727215	Improvement 6.559964837739244
0	0.00000	0.13848	0.16972	0.55981	0.13199
1	0.06382	0.06289	0.59006	0.22976	0.05348
2	0.20493	0.20683	0.19051	0.19268	0.20506
3	0.04267	0.03753	0.60985	0.27220	0.03774
4	0.12585	0.08398	0.67881	0.00000	0.11135
[0.999, 0.031]
[0.0, 0.1383337385461946, 0.17001700356196142, 0.5596999576468118, 0.13194930024503226]
[0.06379038444606183, 0.06274098161221606, 0.5902501403179838, 0.22965599525392993, 0.053562498369808254]
[0.20492617537121208, 0.20682504376751262, 0.19051072983197587, 0.19267517882507282, 0.20506287220422661]
[0.0426358761005228, 0.037528581025213205, 0.6099276387947619, 0.2721570172940704, 0.037750886785431814]
[0.1258012164891988, 0.0842024122660038, 0.6788533479569849, 0.0, 0.11114302328781245]
pat_14_harold_in.txt	Iteration 1	Current loglikelihood -1312265.5112333267	Improvement 3.72783939470537
0	0.00000	0.13833	0.17002	0.55970	0.13195
1	0.06379	0.06274	0.59025	0.22966	0.05356
2	0.20493	0.20683	0.19051	0.19268	0.20506
3	0.04264	0.03753	0.60993	0.27216	0.03775
4	0.12580	0.08420	0.67885	0.00000	0.11114
[0.999, 0.031]
[0.0, 0.13821718764659835, 0.1703540499634415, 0.559536506683184, 0.1318922557067762]
[0.063764446741948, 0.06260705035208901, 0.5904101503113831, 0.22959192582665072, 0.053626426767929114]
