Main: arguments = --count-file /cluster/scratch8b/oscar/19_4-CMV/pat_14/pat_14_harold_in.txt --haplotypes 6 --alpha-frac 0.01 --gamma-cache 10000 -H -L --threads 5
Main: seed = 1572962757293
Optimisation method :BOBYQ
pat_14_harold_in.txt: /cluster/scratch8b/oscar/19_4-CMV/pat_14/pat_14_harold_in.txt
pat_14_harold_in.txt: haplotypes = 6
/cluster/scratch8b/oscar/19_4-CMV/pat_14/pat_14_harold_in.txt
initialFreqSet = false
initialFreqSet = false
initialFreqSet = false
initialFreqSet = false
initialFreqSet = false
/cluster/scratch8b/oscar/19_4-CMV/pat_14/CMV-2064_nodups_sorted_diversity.strandcount.csv
/cluster/scratch8b/oscar/19_4-CMV/pat_14/CMV-2066_nodups_sorted_diversity.strandcount.csv
/cluster/scratch8b/oscar/19_4-CMV/pat_14/CMV-2068_nodups_sorted_diversity.strandcount.csv
/cluster/scratch8b/oscar/19_4-CMV/pat_14/CMV-2069_nodups_sorted_diversity.strandcount.csv
/cluster/scratch8b/oscar/19_4-CMV/pat_14/CMV-2071_nodups_sorted_diversity.strandcount.csv
Average read depth
0	7.956152382445278
1	24.087982617707123
2	0.0
3	52.94381234787228
4	12.261727169412042

[5, 5, 5, 5, 5]
pat_14_harold_in.txt: timepoints = 5
pat_14_harold_in.txt: sites = 229659
Starting pre-optimisation of hap frequencies, a = 0.99900000 0.03000000
[0.999, 0.03]
[0.16057876681703973, 0.1608200526479963, 0.1740662103074065, 0.1756711513486045, 0.16296245352092847, 0.16590136535802447]
[0.167400686545664, 0.16092982582144366, 0.1740434075135667, 0.16644775581066695, 0.16912502662932877, 0.1620532976793299]
[0.1707718128093434, 0.1725677800438587, 0.15949993117809919, 0.16055874524138486, 0.17583116439700142, 0.1607705663303124]
[0.16519050346090813, 0.1630740363552976, 0.1656177394329736, 0.1743473514993311, 0.15792386297691463, 0.17384650627457499]
[0.17409504460963723, 0.1592568324410801, 0.16421335036298693, 0.16051076316212412, 0.1656084733728598, 0.17631553605131187]
In Cluster: BOBYQ
[0.999, 0.03]
[0.145214849137926, 0.1436878421669862, 0.1900021619048521, 0.20810077182628228, 0.1457018759181133, 0.16729249904584015]
[0.09742844885432732, 0.09003143081919758, 0.5170832203517752, 0.10185113440079255, 0.0970963453974302, 0.09650942017647707]
[0.1707718128093434, 0.1725677800438587, 0.15949993117809919, 0.16055874524138486, 0.17583116439700142, 0.1607705663303124]
[0.07189503873718832, 0.06782817668413481, 0.0745329376678844, 0.6361320246233941, 0.06401976438624302, 0.08559205790115543]
[0.17719474779459088, 0.14506328250804382, 0.1627449213291758, 0.16355777166101207, 0.1534471921667848, 0.19799208454039266]
pat_14_harold_in.txt	Iteration 0	Current loglikelihood -1312750.1435367607	Improvement 19875.93077347474
0	0.14522	0.14369	0.19000	0.20810	0.14570	0.16729
1	0.09743	0.09003	0.51708	0.10185	0.09710	0.09651
2	0.17077	0.17257	0.15950	0.16056	0.17583	0.16077
3	0.07190	0.06783	0.07453	0.63613	0.06402	0.08559
4	0.17719	0.14506	0.16274	0.16356	0.15345	0.19799
[0.999, 0.03]
[0.13324238690277987, 0.14598986625558788, 0.14479044809040267, 0.2775113692800178, 0.1460143052100814, 0.1524516242611304]
[0.07986999615143253, 0.07652987104769288, 0.41911024507812156, 0.2644303096733244, 0.08137139547545831, 0.07868818257397035]
[0.1707718128093434, 0.1725677800438587, 0.15949993117809919, 0.16055874524138486, 0.17583116439700142, 0.1607705663303124]
[0.05632340008579551, 0.053334266854167055, 0.2443781488201922, 0.5224014083671613, 0.05017707895738942, 0.07338569691529441]
[0.1554691755323621, 0.12401329273274234, 0.1797375904070697, 0.22625056140239339, 0.13016373457556368, 0.18436564534986882]
pat_14_harold_in.txt	Iteration 1	Current loglikelihood -1312524.096842079	Improvement 226.04669468174689
0	0.13324	0.14599	0.14479	0.27751	0.14601	0.15245
1	0.07987	0.07653	0.41911	0.26443	0.08137	0.07869
2	0.17077	0.17257	0.15950	0.16056	0.17583	0.16077
3	0.05632	0.05333	0.24438	0.52240	0.05018	0.07339
4	0.15547	0.12401	0.17974	0.22625	0.13016	0.18437
[0.999, 0.03]
[0.12317587534388921, 0.1481532914113186, 0.08409102559844073, 0.3702568653737361, 0.14679820857421563, 0.12752473369839976]
[0.07323839477071943, 0.07309782496424078, 0.407994910823894, 0.3005433250602837, 0.07737229419860708, 0.06775325018225498]
[0.1707718128093434, 0.1725677800438587, 0.15949993117809919, 0.16055874524138486, 0.17583116439700142, 0.1607705663303124]
[0.04924567293799668, 0.047653623942622396, 0.2693035455704582, 0.522986152661818, 0.04490258235231874, 0.06590842253478597]
[0.14257102722010365, 0.11339865628088805, 0.15684813132754696, 0.2935783655942954, 0.11813019007988347, 0.1754736294972825]
pat_14_harold_in.txt	Iteration 2	Current loglikelihood -1312407.2431052672	Improvement 116.85373681178316
0	0.12318	0.14815	0.08409	0.37026	0.14680	0.12752
1	0.07324	0.07310	0.40799	0.30054	0.07737	0.06775
2	0.17077	0.17257	0.15950	0.16056	0.17583	0.16077
3	0.04925	0.04765	0.26930	0.52299	0.04490	0.06591
4	0.14257	0.11340	0.15685	0.29358	0.11813	0.17547
[0.999, 0.03]
[0.11698293705722015, 0.1492946759369125, 0.022924533272219428, 0.4594700377899383, 0.14655139459217364, 0.10477642135153598]
[0.06999459229598674, 0.07171745300070005, 0.38807273008346105, 0.3334608716915907, 0.07533159219060177, 0.06142276073765966]
[0.1707718128093434, 0.1725677800438587, 0.15949993117809919, 0.16055874524138486, 0.17583116439700142, 0.1607705663303124]
[0.045932050972782405, 0.044936727272790675, 0.27174578406480254, 0.533984525702885, 0.042618603945421864, 0.06078230804131753]
[0.13237870854217512, 0.10582746727557997, 0.10218316510776534, 0.38185804934073136, 0.10958154584678115, 0.16817106388696695]
pat_14_harold_in.txt	Iteration 3	Current loglikelihood -1312290.43144165	Improvement 116.81166361714713
0	0.11698	0.14929	0.02292	0.45947	0.14655	0.10478
1	0.06999	0.07172	0.38807	0.33346	0.07533	0.06142
2	0.17077	0.17257	0.15950	0.16056	0.17583	0.16077
3	0.04593	0.04494	0.27175	0.53398	0.04262	0.06078
4	0.13238	0.10583	0.10218	0.38186	0.10958	0.16817
[0.999, 0.03]
[0.11414780500014166, 0.14937974393104497, 0.0, 0.503360227085967, 0.1457236441817317, 0.08738857980111478]
[0.06767750680831669, 0.07020915741443565, 0.3511758011207324, 0.3799762816488524, 0.07324339193019423, 0.05771786107746864]
[0.1707718128093434, 0.1725677800438587, 0.15949993117809919, 0.16055874524138486, 0.17583116439700142, 0.1607705663303124]
[0.0442113180564778, 0.04314490176831743, 0.2698568290453684, 0.5452229599569015, 0.041237487031940814, 0.05632650414099398]
[0.12413413550040603, 0.10061394763253943, 0.055309682940007564, 0.4521397702514496, 0.10331470866758746, 0.16448775500801]
pat_14_harold_in.txt	Iteration 4	Current loglikelihood -1312193.0818626664	Improvement 97.34957898361608
0	0.11415	0.14938	0.00000	0.50336	0.14572	0.08739
1	0.06768	0.07021	0.35118	0.37998	0.07324	0.05772
2	0.17077	0.17257	0.15950	0.16056	0.17583	0.16077
3	0.04421	0.04314	0.26986	0.54522	0.04124	0.05633
4	0.12413	0.10061	0.05531	0.45214	0.10331	0.16449
[0.999, 0.03]
[0.11359029290720934, 0.14972186131020687, 0.0, 0.5169555884800544, 0.14582743172218474, 0.0739048255803447]
[0.06579753076738584, 0.06861424507936646, 0.3098672656071181, 0.42892368721582763, 0.0712924832526823, 0.05550478807761976]
[0.1707718128093434, 0.1725677800438587, 0.15949993117809919, 0.16055874524138486, 0.17583116439700142, 0.1607705663303124]
[0.04305091768512701, 0.04186921878763243, 0.2620521857914165, 0.5599477095730276, 0.04038923784761114, 0.05269073031518537]
[0.11793245090664525, 0.09667627320267085, 0.013709727860535124, 0.5107075727792103, 0.09890677672811118, 0.16206719852282728]
pat_14_harold_in.txt	Iteration 5	Current loglikelihood -1312109.4123761458	Improvement 83.66948652057908
0	0.11359	0.14972	0.00000	0.51696	0.14583	0.07390
1	0.06580	0.06861	0.30987	0.42892	0.07129	0.05550
2	0.17077	0.17257	0.15950	0.16056	0.17583	0.16077
3	0.04305	0.04187	0.26205	0.55995	0.04039	0.05269
4	0.11793	0.09668	0.01371	0.51071	0.09891	0.16207
[0.999, 0.03]
[0.11449971047575758, 0.15031351704096543, 0.0, 0.5265456051436601, 0.14584174420162335, 0.06279942313799355]
[0.06408675994568165, 0.0669728452582328, 0.27055086133351963, 0.4744163487614749, 0.06931638632882957, 0.054656798372261464]
[0.1707718128093434, 0.1725677800438587, 0.15949993117809919, 0.16055874524138486, 0.17583116439700142, 0.1607705663303124]
[0.042069643447542715, 0.040596532407623495, 0.25254205046489164, 0.5759091548491807, 0.03949148707211337, 0.04939113175864806]
[0.113264493231794, 0.09402496137331046, 0.0, 0.5373322323974762, 0.09577473994360351, 0.15960357305381578]
pat_14_harold_in.txt	Iteration 6	Current loglikelihood -1312034.17404703	Improvement 75.23832911578938
0	0.11450	0.15031	0.00000	0.52655	0.14584	0.06280
1	0.06409	0.06697	0.27055	0.47442	0.06932	0.05466
2	0.17077	0.17257	0.15950	0.16056	0.17583	0.16077
3	0.04207	0.04060	0.25254	0.57591	0.03949	0.04939
4	0.11326	0.09402	0.00000	0.53733	0.09577	0.15960
[0.999, 0.03]
[0.11629483686544473, 0.15021186845660411, 0.0, 0.5354282329032365, 0.14577788549978246, 0.05228717627493215]
[0.062667451759361, 0.06548211946065935, 0.23743411819799579, 0.5123479773120707, 0.06752560912590604, 0.05454272414400703]
[0.1707718128093434, 0.1725677800438587, 0.15949993117809919, 0.16055874524138486, 0.17583116439700142, 0.1607705663303124]
[0.04112807681636122, 0.03951292338746536, 0.24193281376037787, 0.5917401728413993, 0.038715364978154844, 0.04697064821624133]
[0.10941568610198056, 0.09234509064724816, 0.0, 0.5476154623748173, 0.09371193858787807, 0.15691182228807588]
pat_14_harold_in.txt	Iteration 7	Current loglikelihood -1311964.690569699	Improvement 69.48347733099945
0	0.11629	0.15021	0.00000	0.53543	0.14578	0.05229
1	0.06267	0.06548	0.23743	0.51235	0.06753	0.05454
2	0.17077	0.17257	0.15950	0.16056	0.17583	0.16077
3	0.04113	0.03951	0.24193	0.59174	0.03872	0.04697
4	0.10942	0.09235	0.00000	0.54762	0.09371	0.15691
[0.999, 0.03]
[0.11934202253148328, 0.15044948480763737, 0.0, 0.5433566072731045, 0.14612927296760514, 0.040722612420169724]
[0.06138617675719378, 0.06422454805502478, 0.21070567880141108, 0.5426588710465908, 0.06601898508149083, 0.05500574025828865]
[0.1707718128093434, 0.1725677800438587, 0.15949993117809919, 0.16055874524138486, 0.17583116439700142, 0.1607705663303124]
[0.04037521413942638, 0.03856509871178705, 0.2299311250611151, 0.6079435792735826, 0.037973026341022474, 0.04521195647306645]
[0.10668334308109564, 0.09142843053347889, 0.0, 0.5552760258411458, 0.09243594616161079, 0.1541762543826689]
pat_14_harold_in.txt	Iteration 8	Current loglikelihood -1311900.0020322634	Improvement 64.68853743560612
0	0.11934	0.15045	0.00000	0.54336	0.14613	0.04072
1	0.06139	0.06422	0.21071	0.54266	0.06602	0.05501
2	0.17077	0.17257	0.15950	0.16056	0.17583	0.16077
3	0.04038	0.03857	0.22993	0.60794	0.03797	0.04521
4	0.10668	0.09143	0.00000	0.55528	0.09244	0.15418
[0.999, 0.03]
[0.12331325303274845, 0.1514296271261693, 0.0, 0.5536168752205174, 0.1464563994797185, 0.025183845140846317]
[0.0601809595621501, 0.063011866522351, 0.18831912177595178, 0.5681173812231829, 0.06469806842074362, 0.0556726024956206]
[0.1707718128093434, 0.1725677800438587, 0.15949993117809919, 0.16055874524138486, 0.17583116439700142, 0.1607705663303124]
[0.03957876172407918, 0.03778656852032215, 0.21551913337017073, 0.6257501842254277, 0.03737655689253056, 0.04398879526746973]
[0.10476967878502491, 0.09084129881408788, 0.0, 0.5611556248726454, 0.09158158376857725, 0.15165181375966455]
pat_14_harold_in.txt	Iteration 9	Current loglikelihood -1311829.8752477688	Improvement 70.12678449461237
0	0.12331	0.15143	0.00000	0.55362	0.14646	0.02518
1	0.06018	0.06301	0.18832	0.56812	0.06470	0.05567
2	0.17077	0.17257	0.15950	0.16056	0.17583	0.16077
3	0.03958	0.03779	0.21552	0.62575	0.03738	0.04399
4	0.10477	0.09084	0.00000	0.56116	0.09158	0.15165
[0.999, 0.03]
[0.12851554275351995, 0.15241003808704662, 0.0, 0.5712123874555777, 0.1478620317038557, 0.0]
[0.058941192919239445, 0.06181340402501647, 0.16688756627020837, 0.5922811534653657, 0.06337426861022767, 0.05670241470994229]
[0.1707718128093434, 0.1725677800438587, 0.15949993117809919, 0.16055874524138486, 0.17583116439700142, 0.1607705663303124]
[0.03881404517521515, 0.03707467322624732, 0.19803804802933253, 0.6462269302011995, 0.03682409981396633, 0.043022203554039136]
[0.10341386494978685, 0.0904693680513764, 0.0, 0.5659919113788118, 0.09121386724882433, 0.14891098837120062]
pat_14_harold_in.txt	Iteration 10	Current loglikelihood -1311750.3987796025	Improvement 79.47646816633642
0	0.12852	0.15241	0.00000	0.57121	0.14786	0.00000
1	0.05894	0.06181	0.16689	0.59228	0.06337	0.05670
2	0.17077	0.17257	0.15950	0.16056	0.17583	0.16077
3	0.03881	0.03707	0.19804	0.64623	0.03682	0.04302
4	0.10341	0.09047	0.00000	0.56599	0.09121	0.14891
[0.999, 0.03]
[0.13086110381478708, 0.15127756354846683, 0.0, 0.5713992308241151, 0.14646210181263086, 0.0]
[0.05718928270843532, 0.06029185447671339, 0.14605965985046607, 0.616358159668096, 0.06170382885625952, 0.05839721444002972]
[0.1707718128093434, 0.1725677800438587, 0.15949993117809919, 0.16055874524138486, 0.17583116439700142, 0.1607705663303124]
[0.03780514985177439, 0.03633269615796282, 0.17850977387976422, 0.6690498715585534, 0.03613413171398245, 0.042168376837962644]
[0.1020381067340214, 0.09043447076152751, 0.0, 0.5710458258929217, 0.09094805185146998, 0.14553354476005936]
pat_14_harold_in.txt	Iteration 11	Current loglikelihood -1311666.0323842072	Improvement 84.36639539524913
0	0.13086	0.15128	0.00000	0.57140	0.14646	0.00000
1	0.05719	0.06029	0.14606	0.61636	0.06170	0.05840
2	0.17077	0.17257	0.15950	0.16056	0.17583	0.16077
3	0.03781	0.03633	0.17851	0.66905	0.03613	0.04217
4	0.10204	0.09043	0.00000	0.57105	0.09095	0.14553
[0.999, 0.03]
[0.13232686750202652, 0.1500407768746251, 0.0, 0.5722049739631556, 0.14542738166019276, 0.0]
[0.05613902677344815, 0.05928304207076448, 0.12602402521630604, 0.6388278417094659, 0.060627529820752216, 0.05909853440926309]
[0.1707718128093434, 0.1725677800438587, 0.15949993117809919, 0.16055874524138486, 0.17583116439700142, 0.1607705663303124]
[0.03707112613807663, 0.03582178567719453, 0.1541910326125709, 0.6959289176698975, 0.03569704687267389, 0.04129009102958653]
[0.10192978666030163, 0.09086863754915359, 0.0, 0.5723268556799977, 0.09116359820940366, 0.14371112190114343]
pat_14_harold_in.txt	Iteration 12	Current loglikelihood -1311588.689977547	Improvement 77.34240666031837
0	0.13233	0.15004	0.00000	0.57220	0.14543	0.00000
1	0.05614	0.05928	0.12602	0.63883	0.06063	0.05910
2	0.17077	0.17257	0.15950	0.16056	0.17583	0.16077
3	0.03707	0.03582	0.15419	0.69593	0.03570	0.04129
4	0.10193	0.09087	0.00000	0.57233	0.09116	0.14371
[0.999, 0.03]
[0.13354430984315246, 0.14893655210734025, 0.0, 0.572486528884322, 0.14503260916518523, 0.0]
[0.05537361113993515, 0.05847594891012974, 0.1065983102660186, 0.660445268703786, 0.05995891240871699, 0.05914794857141358]
[0.1707718128093434, 0.1725677800438587, 0.15949993117809919, 0.16055874524138486, 0.17583116439700142, 0.1607705663303124]
[0.036630068497131345, 0.035544584646574874, 0.12449672426527326, 0.727404932983916, 0.035445192403300976, 0.04047849720380363]
[0.10248620340783016, 0.09145832938880889, 0.0, 0.5718824173700081, 0.09173320947593158, 0.14243984035742116]
pat_14_harold_in.txt	Iteration 13	Current loglikelihood -1311488.4501684068	Improvement 100.23980914009735
0	0.13354	0.14894	0.00000	0.57249	0.14503	0.00000
1	0.05537	0.05848	0.10660	0.66045	0.05996	0.05915
2	0.17077	0.17257	0.15950	0.16056	0.17583	0.16077
3	0.03663	0.03554	0.12450	0.72740	0.03545	0.04048
4	0.10249	0.09146	0.00000	0.57188	0.09173	0.14244
[0.999, 0.03]
[0.1344606739729914, 0.14788957322840252, 0.0, 0.5730892085398508, 0.1445605442587553, 0.0]
[0.05432596983091998, 0.05759889777135583, 0.09079298511716688, 0.6799612540314105, 0.05889386459540942, 0.05842702865373743]
[0.1707718128093434, 0.1725677800438587, 0.15949993117809919, 0.16055874524138486, 0.17583116439700142, 0.1607705663303124]
[0.03638178231019514, 0.03546726189593331, 0.09388693128622091, 0.7590504366636868, 0.03532745048094265, 0.039886137363021164]
[0.10281885749728907, 0.09196379570170594, 0.0, 0.5716606917548307, 0.09203252331633398, 0.1415241317298403]
pat_14_harold_in.txt	Iteration 14	Current loglikelihood -1311367.1210677198	Improvement 121.32910068705678
0	0.13446	0.14789	0.00000	0.57309	0.14456	0.00000
1	0.05433	0.05760	0.09079	0.67996	0.05889	0.05843
2	0.17077	0.17257	0.15950	0.16056	0.17583	0.16077
3	0.03638	0.03547	0.09389	0.75905	0.03533	0.03989
4	0.10282	0.09196	0.00000	0.57166	0.09203	0.14152
[0.999, 0.03]
[0.13483953841597343, 0.14672963298886615, 0.0, 0.5745310086007425, 0.14389981999441792, 0.0]
[0.05263219280068374, 0.056074786171823966, 0.07994893798617089, 0.6972481648187526, 0.05728564787531917, 0.05681027034724964]
[0.1707718128093434, 0.1725677800438587, 0.15949993117809919, 0.16055874524138486, 0.17583116439700142, 0.1607705663303124]
[0.036396670483368004, 0.03558358604259891, 0.06934916251616094, 0.7837027382822118, 0.03543200431191763, 0.03953583836374263]
[0.10264206816817471, 0.09180587140014959, 0.0, 0.5730728670588966, 0.0918353872583806, 0.14064380611439853]
pat_14_harold_in.txt	Iteration 15	Current loglikelihood -1311243.75157113	Improvement 123.36949658975936
0	0.13484	0.14673	0.00000	0.57453	0.14390	0.00000
1	0.05263	0.05607	0.07995	0.69725	0.05729	0.05681
2	0.17077	0.17257	0.15950	0.16056	0.17583	0.16077
3	0.03640	0.03558	0.06935	0.78370	0.03543	0.03954
4	0.10264	0.09181	0.00000	0.57307	0.09184	0.14064
[0.999, 0.03]
[0.13383857170650076, 0.14518101646277232, 0.0, 0.5782605166120944, 0.1427198952186326, 0.0]
[0.05048856356658491, 0.05417202669594332, 0.07339250530807061, 0.7123315152116314, 0.0551130336042827, 0.054502355613487]
[0.1707718128093434, 0.1725677800438587, 0.15949993117809919, 0.16055874524138486, 0.17583116439700142, 0.1607705663303124]
[0.03653319988627439, 0.035599351178610766, 0.05481513390501066, 0.7982812497402442, 0.03544623364302753, 0.03932483164683247]
[0.10185002389230217, 0.09104587065764605, 0.0, 0.5768210106839768, 0.09098184896229196, 0.13930124580378306]
pat_14_harold_in.txt	Iteration 16	Current loglikelihood -1311160.114851485	Improvement 83.636719645001
0	0.13384	0.14518	0.00000	0.57826	0.14272	0.00000
1	0.05049	0.05417	0.07339	0.71233	0.05511	0.05450
2	0.17077	0.17257	0.15950	0.16056	0.17583	0.16077
3	0.03653	0.03560	0.05482	0.79828	0.03545	0.03932
4	0.10185	0.09105	0.00000	0.57682	0.09098	0.13930
[0.999, 0.03]
[0.13230894834361895, 0.14321872141098085, 0.0, 0.5833447290533184, 0.1411276011920818, 0.0]
[0.04842970644020745, 0.05242312880406773, 0.07001984642328575, 0.7234100094746913, 0.05323225732505738, 0.05248505153269039]
[0.1707718128093434, 0.1725677800438587, 0.15949993117809919, 0.16055874524138486, 0.17583116439700142, 0.1607705663303124]
[0.03647353009155316, 0.035461339379771424, 0.04726985365407425, 0.8063498418838934, 0.03528769915189002, 0.03915773583881775]
[0.10070155858775644, 0.08983114097965664, 0.0, 0.5818084824019581, 0.08976564870818671, 0.1378931693224421]
pat_14_harold_in.txt	Iteration 17	Current loglikelihood -1311097.4122899522	Improvement 62.70256153284572
0	0.13231	0.14322	0.00000	0.58334	0.14113	0.00000
1	0.04843	0.05242	0.07002	0.72341	0.05323	0.05249
2	0.17077	0.17257	0.15950	0.16056	0.17583	0.16077
3	0.03647	0.03546	0.04727	0.80635	0.03529	0.03916
4	0.10070	0.08983	0.00000	0.58181	0.08977	0.13789
[0.999, 0.03]
[0.13055826605703952, 0.1413885493539802, 0.0, 0.5884140948955524, 0.13963908969342798, 0.0]
[0.046755923179269285, 0.051224026567799404, 0.06841708441315023, 0.7306323893215224, 0.051953000488491205, 0.05101757602976749]
[0.1707718128093434, 0.1725677800438587, 0.15949993117809919, 0.16055874524138486, 0.17583116439700142, 0.1607705663303124]
[0.03641310738354427, 0.03526959937499737, 0.04353300610713356, 0.8108247603276271, 0.035075889395885365, 0.03888363741081234]
[0.0999449033297343, 0.08864368716858229, 0.0, 0.5863321271749965, 0.08860213232809526, 0.13647714999859167]
pat_14_harold_in.txt	Iteration 18	Current loglikelihood -1311065.0602911145	Improvement 32.35199883766472
0	0.13056	0.14139	0.00000	0.58841	0.13964	0.00000
1	0.04676	0.05122	0.06842	0.73063	0.05195	0.05102
2	0.17077	0.17257	0.15950	0.16056	0.17583	0.16077
3	0.03641	0.03527	0.04353	0.81082	0.03508	0.03888
4	0.09994	0.08864	0.00000	0.58633	0.08860	0.13648
[0.999, 0.03]
[0.12933529154779272, 0.1401200097773256, 0.0, 0.5921457563883621, 0.1383989422865195, 0.0]
[0.045499844708142674, 0.05042807647915171, 0.0677552659474711, 0.7350934904437924, 0.05114424476551637, 0.05007907765592579]
[0.1707718128093434, 0.1725677800438587, 0.15949993117809919, 0.16055874524138486, 0.17583116439700142, 0.1607705663303124]
[0.036333772156962804, 0.0350900728773916, 0.0416206680003246, 0.8134640401043678, 0.034882653953043144, 0.03860879290791007]
[0.09933578914224057, 0.0877344580129646, 0.0, 0.589799603246093, 0.08769814994417054, 0.13543199965453118]
pat_14_harold_in.txt	Iteration 19	Current loglikelihood -1311039.9427054035	Improvement 25.117585710948333
0	0.12934	0.14012	0.00000	0.59215	0.13840	0.00000
1	0.04550	0.05043	0.06776	0.73509	0.05114	0.05008
2	0.17077	0.17257	0.15950	0.16056	0.17583	0.16077
3	0.03633	0.03509	0.04162	0.81346	0.03488	0.03861
4	0.09934	0.08773	0.00000	0.58980	0.08770	0.13543
[0.999, 0.03]
[0.12856127809469278, 0.1390230109724923, 0.0, 0.5950035814023301, 0.13741212953048476, 0.0]
[0.044522912083203546, 0.049940691597355556, 0.0674519634110019, 0.737938488700574, 0.050634421777424395, 0.04951152243044054]
[0.1707718128093434, 0.1725677800438587, 0.15949993117809919, 0.16055874524138486, 0.17583116439700142, 0.1607705663303124]
[0.03625460822585224, 0.034907676161296156, 0.040619497600399956, 0.8150663147617067, 0.03469925310829341, 0.038452650142451535]
[0.09880179730493441, 0.08708251151907935, 0.0, 0.5924949108543688, 0.08705494040836818, 0.13456583991324927]
pat_14_harold_in.txt	Iteration 20	Current loglikelihood -1311026.561635591	Improvement 13.381069812458009
0	0.12856	0.13902	0.00000	0.59500	0.13741	0.00000
1	0.04452	0.04994	0.06745	0.73794	0.05063	0.04951
2	0.17077	0.17257	0.15950	0.16056	0.17583	0.16077
3	0.03625	0.03491	0.04062	0.81507	0.03470	0.03845
4	0.09880	0.08708	0.00000	0.59249	0.08705	0.13457
[0.999, 0.03]
[0.12792181875686015, 0.13838302997499558, 0.0, 0.5966698979703103, 0.13702525329783388, 0.0]
[0.043798180811059545, 0.04971743094483165, 0.06735619152212524, 0.7395807167638595, 0.05041630529864186, 0.04913117465948221]
[0.1707718128093434, 0.1725677800438587, 0.15949993117809919, 0.16055874524138486, 0.17583116439700142, 0.1607705663303124]
[0.03616976489280405, 0.03478398248032394, 0.04008218184337526, 0.8160527616647744, 0.03455984116980171, 0.038351467948920526]
[0.09866666311993953, 0.0866378027835322, 0.0, 0.5941880480035335, 0.08660611094472385, 0.13390137514827088]
pat_14_harold_in.txt	Iteration 21	Current loglikelihood -1311017.9543554066	Improvement 8.60728018451482
0	0.12792	0.13838	0.00000	0.59667	0.13703	0.00000
1	0.04380	0.04972	0.06736	0.73958	0.05042	0.04913
2	0.17077	0.17257	0.15950	0.16056	0.17583	0.16077
3	0.03617	0.03478	0.04008	0.81605	0.03456	0.03835
4	0.09867	0.08664	0.00000	0.59419	0.08661	0.13390
[0.999, 0.03]
[0.1275711849633389, 0.13790057448624868, 0.0, 0.5978498661660908, 0.1366783743843215, 0.0]
[0.04326012779378595, 0.04966349791882677, 0.06728538112709061, 0.7405393824095272, 0.05034349987060889, 0.0489081108801606]
[0.1707718128093434, 0.1725677800438587, 0.15949993117809919, 0.16055874524138486, 0.17583116439700142, 0.1607705663303124]
[0.0361155444988051, 0.034679952078652806, 0.03982129059854361, 0.8166828878279855, 0.03442913715152912, 0.038271187844483856]
[0.09864552557213901, 0.08633296571034803, 0.0, 0.5953362319621863, 0.08626968558918463, 0.13341559116614204]
pat_14_harold_in.txt	Iteration 22	Current loglikelihood -1311012.654179278	Improvement 5.300176128512248
0	0.12757	0.13790	0.00000	0.59785	0.13668	0.00000
1	0.04326	0.04966	0.06729	0.74054	0.05034	0.04891
2	0.17077	0.17257	0.15950	0.16056	0.17583	0.16077
3	0.03612	0.03468	0.03982	0.81668	0.03443	0.03827
4	0.09865	0.08633	0.00000	0.59534	0.08627	0.13342
[0.999, 0.03]
[0.12755358634169625, 0.13748440841090093, 0.0, 0.598446521479191, 0.13651548376821188, 0.0]
[0.04283069098284406, 0.04967342833441503, 0.06723846232453777, 0.741115122996341, 0.05032752949017426, 0.048814765871687885]
[0.1707718128093434, 0.1725677800438587, 0.15949993117809919, 0.16055874524138486, 0.17583116439700142, 0.1607705663303124]
[0.03609811657287248, 0.034560326660760254, 0.03971536350546235, 0.8170741064166708, 0.03431786521194804, 0.03823422163228616]
[0.09876898229244536, 0.08609077296998957, 0.0, 0.596065312946597, 0.08603121168114178, 0.13304372010982626]
pat_14_harold_in.txt	Iteration 23	Current loglikelihood -1311005.8348787061	Improvement 6.819300571922213
0	0.12755	0.13748	0.00000	0.59845	0.13652	0.00000
1	0.04283	0.04967	0.06724	0.74112	0.05033	0.04881
2	0.17077	0.17257	0.15950	0.16056	0.17583	0.16077
3	0.03610	0.03456	0.03972	0.81707	0.03432	0.03823
4	0.09877	0.08609	0.00000	0.59607	0.08603	0.13304
[0.999, 0.03]
[0.1276348730121222, 0.13713749007545545, 0.0, 0.5988523875335897, 0.13637524937883272, 0.0]
[0.04243404773772211, 0.0497674704208963, 0.06720390551392719, 0.7414883099311834, 0.0503491511957202, 0.04875711520055076]
[0.1707718128093434, 0.1725677800438587, 0.15949993117809919, 0.16055874524138486, 0.17583116439700142, 0.1607705663303124]
[0.0361192574998124, 0.03446101111949865, 0.039651681132298416, 0.8173390078352847, 0.034226055941880267, 0.038202986471225615]
[0.09898982374633666, 0.08589174781010728, 0.0, 0.5965176909409914, 0.08586350787231987, 0.1327372296302447]
pat_14_harold_in.txt	Iteration 24	Current loglikelihood -1311004.1600333995	Improvement 1.6748453066684306
0	0.12763	0.13714	0.00000	0.59885	0.13638	0.00000
1	0.04243	0.04977	0.06720	0.74149	0.05035	0.04876
2	0.17077	0.17257	0.15950	0.16056	0.17583	0.16077
3	0.03612	0.03446	0.03965	0.81734	0.03423	0.03820
4	0.09899	0.08589	0.00000	0.59652	0.08586	0.13274
[0.999, 0.03]
[0.12770123297690036, 0.13688843023691008, 0.0, 0.5991539685682538, 0.13625636821793574, 0.0]
[0.04204015295730323, 0.04987883225222911, 0.06717820917761858, 0.7417649687904198, 0.0504013466167072, 0.04873649020572218]
[0.1707718128093434, 0.1725677800438587, 0.15949993117809919, 0.16055874524138486, 0.17583116439700142, 0.1607705663303124]
[0.0361679314929276, 0.034385654161520236, 0.039611825489132245, 0.8175308419464252, 0.03414648104668395, 0.03815726586331069]
[0.09920937820662222, 0.08575595046352665, 0.0, 0.5968038896522293, 0.08569579160044397, 0.1325349900771778]
pat_14_harold_in.txt	Iteration 25	Current loglikelihood -1311000.721840174	Improvement 3.438193225534633
0	0.12770	0.13689	0.00000	0.59915	0.13626	0.00000
1	0.04204	0.04988	0.06718	0.74176	0.05040	0.04874
2	0.17077	0.17257	0.15950	0.16056	0.17583	0.16077
3	0.03617	0.03439	0.03961	0.81753	0.03415	0.03816
4	0.09921	0.08576	0.00000	0.59680	0.08570	0.13253
[0.999, 0.03]
[0.12780867726638367, 0.13670092942583428, 0.0, 0.5993148689738178, 0.1361755243339643, 0.0]
[0.04164619706352007, 0.05002051415378362, 0.06712277891515073, 0.7418889264971257, 0.050495627282574965, 0.048825956087845]
[0.1707718128093434, 0.1725677800438587, 0.15949993117809919, 0.16055874524138486, 0.17583116439700142, 0.1607705663303124]
[0.03623260269968478, 0.03431420319007255, 0.039580490937239976, 0.8176661841059739, 0.034082231653511326, 0.03812428741351747]
[0.09947592101920016, 0.08565658119611773, 0.0, 0.5969346237829773, 0.08559511211867084, 0.13233776188303387]
pat_14_harold_in.txt	Iteration 26	Current loglikelihood -1310996.7669048577	Improvement 3.954935316229239
0	0.12781	0.13670	0.00000	0.59931	0.13618	0.00000
1	0.04165	0.05002	0.06712	0.74189	0.05050	0.04883
2	0.17077	0.17257	0.15950	0.16056	0.17583	0.16077
3	0.03623	0.03431	0.03958	0.81767	0.03408	0.03812
4	0.09948	0.08566	0.00000	0.59693	0.08560	0.13234
[0.999, 0.03]
[0.12789053085687588, 0.1365041308025158, 0.0, 0.599468627335815, 0.1361367110047934, 0.0]
[0.04123627380705359, 0.05015970498134839, 0.06707299802635591, 0.7420581684721531, 0.05059691267766374, 0.04887594203542524]
[0.1707718128093434, 0.1725677800438587, 0.15949993117809919, 0.16055874524138486, 0.17583116439700142, 0.1607705663303124]
[0.036296616248581944, 0.03425102451687289, 0.03955689379015012, 0.8177708242301728, 0.034040844928953984, 0.03808379628526826]
[0.09981354434058, 0.08553765615227253, 0.0, 0.5969900294411001, 0.08549918565649811, 0.13215958440954928]
pat_14_harold_in.txt	Iteration 27	Current loglikelihood -1310995.6652953627	Improvement 1.1016094950027764
0	0.12789	0.13650	0.00000	0.59947	0.13614	0.00000
1	0.04124	0.05016	0.06707	0.74206	0.05060	0.04888
2	0.17077	0.17257	0.15950	0.16056	0.17583	0.16077
3	0.03630	0.03425	0.03956	0.81777	0.03404	0.03808
4	0.09981	0.08554	0.00000	0.59699	0.08550	0.13216
[0.999, 0.03]
[0.12794693027657825, 0.13637506629697968, 0.0, 0.599560576151507, 0.13611742727493503, 0.0]
[0.04082863238237685, 0.05030616108466354, 0.0670396717612614, 0.7422056794452526, 0.050700711900118135, 0.04891914342632744]
[0.1707718128093434, 0.1725677800438587, 0.15949993117809919, 0.16055874524138486, 0.17583116439700142, 0.1607705663303124]
[0.03636999756303376, 0.03419608297481198, 0.03954311246828002, 0.8178387959183712, 0.03399670467026795, 0.03805530640523513]
[0.1001508956280284, 0.0854059582147344, 0.0, 0.5971115961926557, 0.08535640456292379, 0.1319751454016577]
pat_14_harold_in.txt	Iteration 28	Current loglikelihood -1310994.7451367883	Improvement 0.9201585743576288
0	0.12795	0.13638	0.00000	0.59956	0.13612	0.00000
1	0.04083	0.05031	0.06704	0.74221	0.05070	0.04892
2	0.17077	0.17257	0.15950	0.16056	0.17583	0.16077
3	0.03637	0.03420	0.03954	0.81784	0.03400	0.03806
4	0.10015	0.08541	0.00000	0.59711	0.08536	0.13198
Finished pre-optimsation, Total loglikelihood = -1310994.7451367883
[0.999, 0.03]
[0.12794698513532812, 0.13637504894284558, 0.0, 0.5995607049707387, 0.13611726095108767, 0.0]
[0.04082863238237685, 0.05030616108466354, 0.0670396717612614, 0.7422056794452526, 0.050700711900118135, 0.04891914342632744]
[0.1707718128093434, 0.1725677800438587, 0.15949993117809919, 0.16055874524138486, 0.17583116439700142, 0.1607705663303124]
[0.036369962394831125, 0.03419593067065664, 0.03954317244371205, 0.8178389159313134, 0.03399670783672349, 0.03805531072276324]
[0.10015100725865649, 0.08540593950538246, 0.0, 0.5971115139765701, 0.0853563515409308, 0.13197518771846017]
[0.999, 0.03]
[0.1280274917237694, 0.13627603979373246, 0.0, 0.5996156929816304, 0.13608077550086772, 0.0]
[0.04041287928924604, 0.05045072579057859, 0.06701520318973732, 0.7423486757896205, 0.05081125061718652, 0.048961265323630966]
[0.1707718128093434, 0.1725677800438587, 0.15949993117809919, 0.16055874524138486, 0.17583116439700142, 0.1607705663303124]
[0.03645578050853724, 0.03414210187099495, 0.0395321148650382, 0.8178844555362798, 0.03394676645363825, 0.0380387807655116]
[0.10066203607228384, 0.0852617676033096, 0.0, 0.5971179996508229, 0.08518439261731525, 0.13177380405626837]
pat_14_harold_in.txt	Iteration 0	Current loglikelihood -1310994.1493209722	Improvement 0.5954178851097822
0	0.12803	0.13628	0.00000	0.59962	0.13608	0.00000
1	0.04041	0.05045	0.06702	0.74235	0.05081	0.04896
2	0.17077	0.17257	0.15950	0.16056	0.17583	0.16077
3	0.03646	0.03414	0.03953	0.81788	0.03395	0.03804
4	0.10066	0.08526	0.00000	0.59712	0.08518	0.13177
Optimising alpha = [0.999, 0.03]	Total loglikelihood = 1310994.1493209722	Best loglikelihood = 1310994.1493209722
[0.999, 0.031]
[0.1280274917237694, 0.13627603979373246, 0.0, 0.5996156929816304, 0.13608077550086772, 0.0]
[0.04041287928924604, 0.05045072579057859, 0.06701520318973732, 0.7423486757896205, 0.05081125061718652, 0.048961265323630966]
[0.1707718128093434, 0.1725677800438587, 0.15949993117809919, 0.16055874524138486, 0.17583116439700142, 0.1607705663303124]
[0.03645578050853724, 0.03414210187099495, 0.0395321148650382, 0.8178844555362798, 0.03394676645363825, 0.0380387807655116]
[0.10066203607228384, 0.0852617676033096, 0.0, 0.5971179996508229, 0.08518439261731525, 0.13177380405626837]
[0.999, 0.031]
[0.1277996753574431, 0.13599783880142938, 0.0, 0.6004624233168051, 0.13574006252432247, 0.0]
[0.040015599650433345, 0.050643838554014414, 0.06661491829974575, 0.7427406782038007, 0.050982866207022165, 0.04900209908498357]
[0.1707718128093434, 0.1725677800438587, 0.15949993117809919, 0.16055874524138486, 0.17583116439700142, 0.1607705663303124]
[0.03663626941292474, 0.03412520689810163, 0.039473248716407824, 0.8178000710562776, 0.03394879540636181, 0.038016408509926436]
[0.10090160122395508, 0.08503198355581064, 0.0, 0.5981935669520057, 0.08495883746855797, 0.13091401079967063]
pat_14_harold_in.txt	Iteration 0	Current loglikelihood -1312211.0680569755	Improvement 2.69779509678483
0	0.12780	0.13600	0.00000	0.60046	0.13574	0.00000
1	0.04002	0.05064	0.06661	0.74274	0.05098	0.04900
2	0.17077	0.17257	0.15950	0.16056	0.17583	0.16077
3	0.03664	0.03413	0.03947	0.81780	0.03395	0.03802
4	0.10090	0.08503	0.00000	0.59819	0.08496	0.13091
[0.999, 0.031]
[0.12772572460624995, 0.13590415242434142, 0.0, 0.6007522042770316, 0.13561791869237705, 0.0]
[0.03953273673035301, 0.050832447334166586, 0.06642649603371016, 0.7430284518940268, 0.05114227780286972, 0.049037590204873645]
[0.1707718128093434, 0.1725677800438587, 0.15949993117809919, 0.16055874524138486, 0.17583116439700142, 0.1607705663303124]
[0.03674784538885532, 0.03405451742351199, 0.03941554316323261, 0.8179311947063799, 0.03388751188238626, 0.03796338743563398]
[0.1013048116570512, 0.08488405488322695, 0.0, 0.5985072494035882, 0.0848118112997651, 0.13049207275636854]
pat_14_harold_in.txt	Iteration 1	Current loglikelihood -1312210.235006396	Improvement 0.8330505795311183
0	0.12773	0.13590	0.00000	0.60075	0.13562	0.00000
1	0.03953	0.05083	0.06643	0.74303	0.05114	0.04904
2	0.17077	0.17257	0.15950	0.16056	0.17583	0.16077
3	0.03675	0.03405	0.03942	0.81793	0.03389	0.03796
4	0.10130	0.08488	0.00000	0.59851	0.08481	0.13049
Optimising alpha = [0.999, 0.031]	Total loglikelihood = 1312210.235006396	Best loglikelihood = 1310994.1493209722
[0.9980000000000002, 0.031]
[0.12772572460624995, 0.13590415242434142, 0.0, 0.6007522042770316, 0.13561791869237705, 0.0]
[0.03953273673035301, 0.050832447334166586, 0.06642649603371016, 0.7430284518940268, 0.05114227780286972, 0.049037590204873645]
[0.1707718128093434, 0.1725677800438587, 0.15949993117809919, 0.16055874524138486, 0.17583116439700142, 0.1607705663303124]
[0.03674784538885532, 0.03405451742351199, 0.03941554316323261, 0.8179311947063799, 0.03388751188238626, 0.03796338743563398]
[0.10130481247307244, 0.08488407826552354, 0.0, 0.5985072444882629, 0.08481176810127052, 0.13049209667187062]
[0.9980000000000002, 0.031]
[0.14838145963129912, 0.15817624753718376, 0.0, 0.5355620689187346, 0.15788022391278256, 0.0]
[0.043573113716983344, 0.058234515016469604, 0.08040978573977528, 0.7044101338143672, 0.058566365440953595, 0.054806086271450914]
[0.1707718128093434, 0.1725677800438587, 0.15949993117809919, 0.16055874524138486, 0.17583116439700142, 0.1607705663303124]
[0.04303053584891052, 0.03897703807808893, 0.046300602402658306, 0.7884113519226296, 0.03874423793967674, 0.04453623380803595]
[0.11473275278474367, 0.09375643201351735, 0.0, 0.5453829538767706, 0.09363732024060033, 0.152490541084368]
pat_14_harold_in.txt	Iteration 0	Current loglikelihood -1278471.214573004	Improvement -303.7662863647565
0	0.14838	0.15818	0.00000	0.53556	0.15788	0.00000
1	0.04357	0.05823	0.08041	0.70441	0.05857	0.05481
2	0.17077	0.17257	0.15950	0.16056	0.17583	0.16077
3	0.04303	0.03898	0.04630	0.78841	0.03874	0.04454
4	0.11473	0.09376	0.00000	0.54538	0.09364	0.15249
[0.9980000000000002, 0.031]
[0.16608197517036968, 0.17657531624490508, 0.0, 0.48103603458055644, 0.17630667400416877, 0.0]
[0.046581665874816144, 0.06487251421342786, 0.09366138280244296, 0.6690771223040642, 0.06531237577770888, 0.060494939027539885]
[0.1707718128093434, 0.1725677800438587, 0.15949993117809919, 0.16055874524138486, 0.17583116439700142, 0.1607705663303124]
[0.05052242402254128, 0.04366478123422997, 0.05546015434340186, 0.7560211883469038, 0.04332504603758386, 0.05100640601533918]
[0.12781881044239038, 0.10050773674700354, 0.0, 0.49899843453972587, 0.1004281072337939, 0.17224691103708628]
pat_14_harold_in.txt	Iteration 1	Current loglikelihood -1278569.5146149986	Improvement -98.30004199454561
0	0.16608	0.17658	0.00000	0.48104	0.17631	0.00000
1	0.04658	0.06487	0.09366	0.66908	0.06531	0.06049
2	0.17077	0.17257	0.15950	0.16056	0.17583	0.16077
3	0.05052	0.04366	0.05546	0.75602	0.04333	0.05101
4	0.12782	0.10051	0.00000	0.49900	0.10043	0.17225
[0.9980000000000002, 0.031]
[0.17812643716333046, 0.18955278563355354, 0.0, 0.4429701692782731, 0.18935060792484298, 0.0]
[0.04835218587722015, 0.07078798272183741, 0.10365919120264595, 0.6405007969585589, 0.07132149373618715, 0.06537834950355045]
[0.1707718128093434, 0.1725677800438587, 0.15949993117809919, 0.16055874524138486, 0.17583116439700142, 0.1607705663303124]
[0.057334742326008416, 0.046520153131862925, 0.06433659889761488, 0.7305375684149726, 0.04599385916080337, 0.05527707806873769]
[0.1393158484583923, 0.1055882908925706, 0.0, 0.4629913315372645, 0.1054585914237088, 0.1866459376880638]
pat_14_harold_in.txt	Iteration 2	Current loglikelihood -1278614.4297191014	Improvement -44.91510410280898
0	0.17813	0.18955	0.00000	0.44297	0.18935	0.00000
1	0.04835	0.07079	0.10366	0.64050	0.07132	0.06538
2	0.17077	0.17257	0.15950	0.16056	0.17583	0.16077
3	0.05733	0.04652	0.06434	0.73054	0.04599	0.05528
4	0.13932	0.10559	0.00000	0.46299	0.10546	0.18665
[0.9980000000000002, 0.031]
[0.1851196729598517, 0.1990538890680235, 0.0, 0.41657511232838207, 0.19925132564374282, 0.0]
[0.04871779370719727, 0.07543870916876004, 0.1118133798435205, 0.618501626534054, 0.0761289127311782, 0.06939957801528993]
[0.1707718128093434, 0.1725677800438587, 0.15949993117809919, 0.16055874524138486, 0.17583116439700142, 0.1607705663303124]
[0.06405974049069127, 0.04731406386718503, 0.07226125186747201, 0.7121367252261147, 0.0465166360208736, 0.05771158252766332]
[0.14931013771725826, 0.10869787058049016, 0.0, 0.43684330583563696, 0.10862438477664813, 0.1965243010899664]
pat_14_harold_in.txt	Iteration 3	Current loglikelihood -1278642.02279104	Improvement -27.593071938492358
0	0.18512	0.19905	0.00000	0.41658	0.19925	0.00000
1	0.04872	0.07544	0.11181	0.61850	0.07613	0.06940
2	0.17077	0.17257	0.15950	0.16056	0.17583	0.16077
3	0.06406	0.04731	0.07226	0.71214	0.04652	0.05771
4	0.14931	0.10870	0.00000	0.43684	0.10862	0.19652
[0.9980000000000002, 0.031]
[0.1891304225050107, 0.20552969881503305, 0.0, 0.3995127096141307, 0.2058271690658256, 0.0]
[0.04780099169342111, 0.0794013450932827, 0.11676736955063373, 0.6029877791284621, 0.08038818643144406, 0.07265432810275631]
[0.1707718128093434, 0.1725677800438587, 0.15949993117809919, 0.16055874524138486, 0.17583116439700142, 0.1607705663303124]
[0.07067330319767465, 0.04664768140232951, 0.08016098659071634, 0.698131384558965, 0.045700838711070585, 0.058685805539243935]
[0.1569379230538701, 0.1105787677728795, 0.0, 0.419214653450711, 0.1107463538448506, 0.20252230187768872]
pat_14_harold_in.txt	Iteration 4	Current loglikelihood -1278657.9780235693	Improvement -15.955232529435307
0	0.18913	0.20553	0.00000	0.39951	0.20583	0.00000
1	0.04780	0.07940	0.11677	0.60299	0.08039	0.07265
2	0.17077	0.17257	0.15950	0.16056	0.17583	0.16077
3	0.07067	0.04665	0.08016	0.69813	0.04570	0.05869
4	0.15694	0.11058	0.00000	0.41921	0.11075	0.20252
[0.9980000000000002, 0.031]
[0.19196060972934234, 0.20916608381459642, 0.0, 0.38920287490051336, 0.20967043155554782, 0.0]
[0.04618196919009071, 0.08253839725561213, 0.1197602862272629, 0.5921871834509405, 0.08392412281792973, 0.07540804105816411]
[0.1707718128093434, 0.1725677800438587, 0.15949993117809919, 0.16055874524138486, 0.17583116439700142, 0.1607705663303124]
[0.07795351293070951, 0.0452368111584408, 0.08699732284837552, 0.687591292987387, 0.04410057422040503, 0.0581204858546821]
