Main: arguments = --count-file /cluster/scratch8b/oscar/19_4-CMV/pat_14/pat_14_harold_in.txt --haplotypes 3 --alpha-frac 0.01 --gamma-cache 10000 -H -L --threads 5
Main: seed = 1572962676211
Optimisation method :BOBYQ
pat_14_harold_in.txt: /cluster/scratch8b/oscar/19_4-CMV/pat_14/pat_14_harold_in.txt
pat_14_harold_in.txt: haplotypes = 3
/cluster/scratch8b/oscar/19_4-CMV/pat_14/pat_14_harold_in.txt
initialFreqSet = false
initialFreqSet = false
initialFreqSet = false
initialFreqSet = false
initialFreqSet = false
/cluster/scratch8b/oscar/19_4-CMV/pat_14/CMV-2064_nodups_sorted_diversity.strandcount.csv
/cluster/scratch8b/oscar/19_4-CMV/pat_14/CMV-2066_nodups_sorted_diversity.strandcount.csv
/cluster/scratch8b/oscar/19_4-CMV/pat_14/CMV-2068_nodups_sorted_diversity.strandcount.csv
/cluster/scratch8b/oscar/19_4-CMV/pat_14/CMV-2069_nodups_sorted_diversity.strandcount.csv
/cluster/scratch8b/oscar/19_4-CMV/pat_14/CMV-2071_nodups_sorted_diversity.strandcount.csv
Average read depth
0	7.956152382445278
1	24.087982617707123
2	0.0
3	52.94381234787228
4	12.261727169412042

[2, 2, 2, 2, 2]
pat_14_harold_in.txt: timepoints = 5
pat_14_harold_in.txt: sites = 229659
Starting pre-optimisation of hap frequencies, a = 0.99900000 0.03000000
[0.999, 0.03]
[0.34018819029512315, 0.33125844918963954, 0.3285533605152373]
[0.3219360645275631, 0.3266168627202756, 0.3514470727521613]
[0.3297140519435016, 0.3249152009639961, 0.3453707470925023]
[0.3467031615596558, 0.3408911030610159, 0.31240573537932825]
[0.34664462112411387, 0.3140904812631553, 0.3392648976127308]
In Cluster: BOBYQ
[0.999, 0.03]
[0.5465483110411432, 0.2291555066697999, 0.2242961822890569]
[0.6637121062072151, 0.15559063845160478, 0.1806972553411801]
[0.3297140519435016, 0.3249152009639961, 0.3453707470925023]
[0.6949034925205824, 0.20180226471728038, 0.10329424276213725]
[0.5219428520389676, 0.21238102459124017, 0.2656761233697922]
pat_14_harold_in.txt	Iteration 0	Current loglikelihood -1313036.2695811316	Improvement 22393.117835920304
0	0.54655	0.22916	0.22430
1	0.66371	0.15559	0.18070
2	0.32971	0.32492	0.34537
3	0.69490	0.20180	0.10329
4	0.52194	0.21238	0.26568
[0.999, 0.03]
[0.6178866661464589, 0.20161217958258246, 0.1805011542709586]
[0.763087743168335, 0.12233142311327322, 0.11458083371839173]
[0.3297140519435016, 0.3249152009639961, 0.3453707470925023]
[0.7839161381569809, 0.1592515129779925, 0.05683234886502658]
[0.6430043306238729, 0.1603099867173834, 0.19668568265874375]
pat_14_harold_in.txt	Iteration 1	Current loglikelihood -1312045.8022523418	Improvement 990.4673287898768
0	0.61789	0.20161	0.18050
1	0.76309	0.12233	0.11458
2	0.32971	0.32492	0.34537
3	0.78392	0.15925	0.05683
4	0.64300	0.16031	0.19669
[0.999, 0.03]
[0.6802684042578935, 0.16712875842508984, 0.15260283731701668]
[0.8064604760594908, 0.10732594276779223, 0.08621358117271699]
[0.3297140519435016, 0.3249152009639961, 0.3453707470925023]
[0.8350865601919515, 0.1196148865951947, 0.04529855321285381]
[0.7064203307631673, 0.13623744367084106, 0.1573422255659916]
pat_14_harold_in.txt	Iteration 2	Current loglikelihood -1311156.7538398155	Improvement 889.0484125262592
0	0.68027	0.16713	0.15260
1	0.80646	0.10733	0.08621
2	0.32971	0.32492	0.34537
3	0.83509	0.11961	0.04530
4	0.70642	0.13624	0.15734
[0.999, 0.03]
[0.7293679087703027, 0.12890587942831708, 0.14172621180138026]
[0.8348452465222501, 0.09120821674081306, 0.07394653673693682]
[0.3297140519435016, 0.3249152009639961, 0.3453707470925023]
[0.8750764839434819, 0.0843403304071706, 0.040583185649347486]
[0.7436349752547321, 0.11666189230806553, 0.13970313243720237]
pat_14_harold_in.txt	Iteration 3	Current loglikelihood -1310271.9897765843	Improvement 884.7640632311814
0	0.72937	0.12891	0.14173
1	0.83485	0.09121	0.07395
2	0.32971	0.32492	0.34537
3	0.87508	0.08434	0.04058
4	0.74363	0.11666	0.13970
[0.999, 0.03]
[0.7610707238051733, 0.10094658235059079, 0.13798269384423595]
[0.8563922805279063, 0.0764325955252801, 0.06717512394681362]
[0.3297140519435016, 0.3249152009639961, 0.3453707470925023]
[0.9001875585673612, 0.06143867566856714, 0.03837376576407165]
[0.7651225190974004, 0.10316711322794209, 0.13171036767465755]
pat_14_harold_in.txt	Iteration 4	Current loglikelihood -1309486.150919487	Improvement 785.8388570973184
0	0.76107	0.10095	0.13798
1	0.85639	0.07643	0.06718
2	0.32971	0.32492	0.34537
3	0.90019	0.06144	0.03837
4	0.76512	0.10317	0.13171
[0.999, 0.03]
[0.7777854184307739, 0.08863850857940377, 0.13357607298982238]
[0.8692480433350246, 0.06795471320069277, 0.06279724346428264]
[0.3297140519435016, 0.3249152009639961, 0.3453707470925023]
[0.9125143096444592, 0.049781327450860606, 0.03770436290468016]
[0.7774980889158243, 0.0979385740272833, 0.12456333705689242]
pat_14_harold_in.txt	Iteration 5	Current loglikelihood -1308951.2417600877	Improvement 534.9091593993362
0	0.77779	0.08864	0.13358
1	0.86925	0.06795	0.06280
2	0.32971	0.32492	0.34537
3	0.91251	0.04978	0.03770
4	0.77750	0.09794	0.12456
[0.999, 0.03]
[0.7884259901369847, 0.08335972621155839, 0.12821428365145693]
[0.8762426559189125, 0.0639806256562192, 0.059776718424868314]
[0.3297140519435016, 0.3249152009639961, 0.3453707470925023]
[0.9177808607799814, 0.0445361860845775, 0.03768295313544105]
[0.7861173631025534, 0.09672420727223491, 0.11715842962521167]
pat_14_harold_in.txt	Iteration 6	Current loglikelihood -1308608.9938588403	Improvement 342.24790124734864
0	0.78843	0.08336	0.12821
1	0.87624	0.06398	0.05978
2	0.32971	0.32492	0.34537
3	0.91778	0.04454	0.03768
4	0.78612	0.09672	0.11716
[0.999, 0.03]
[0.7967629995371066, 0.07931193545931814, 0.12392506500357525]
[0.8805562715228356, 0.06185349677798441, 0.05759023169918004]
[0.3297140519435016, 0.3249152009639961, 0.3453707470925023]
[0.920599063036001, 0.04185619087305364, 0.03754474609094533]
[0.7930150052938157, 0.09654856153240977, 0.11043643317377448]
pat_14_harold_in.txt	Iteration 7	Current loglikelihood -1308393.8956435267	Improvement 215.09821531362832
0	0.79676	0.07931	0.12393
1	0.88056	0.06185	0.05759
2	0.32971	0.32492	0.34537
3	0.92060	0.04186	0.03754
4	0.79302	0.09655	0.11044
[0.999, 0.03]
[0.8041623309453418, 0.07432328891085932, 0.12151438014379884]
[0.8837504659902893, 0.0604296450462152, 0.05581988896349552]
[0.3297140519435016, 0.3249152009639961, 0.3453707470925023]
[0.9225524178590185, 0.0402249503123256, 0.037222631828655865]
[0.7988947586704888, 0.09640649976063949, 0.10469874156887175]
pat_14_harold_in.txt	Iteration 8	Current loglikelihood -1308219.0714309337	Improvement 174.82421259302646
0	0.80416	0.07432	0.12151
1	0.88375	0.06043	0.05582
2	0.32971	0.32492	0.34537
3	0.92255	0.04022	0.03722
4	0.79889	0.09641	0.10470
[0.999, 0.03]
[0.8110282137899387, 0.06792413400263204, 0.12104765220742923]
[0.8863103233806072, 0.059348580483553744, 0.05434109613583903]
[0.3297140519435016, 0.3249152009639961, 0.3453707470925023]
[0.924030114113909, 0.0391393216474512, 0.03683056423863979]
[0.8035659153011862, 0.09656427738110197, 0.09986980731771188]
pat_14_harold_in.txt	Iteration 9	Current loglikelihood -1308066.8704981108	Improvement 152.20093282288872
0	0.81103	0.06792	0.12105
1	0.88631	0.05935	0.05434
2	0.32971	0.32492	0.34537
3	0.92403	0.03914	0.03683
4	0.80357	0.09656	0.09987
[0.999, 0.03]
[0.8180412757611052, 0.05988654226890186, 0.12207218196999295]
[0.8885765113812315, 0.05842891786960996, 0.05299457074915854]
[0.3297140519435016, 0.3249152009639961, 0.3453707470925023]
[0.9252668187296715, 0.03837551472925512, 0.03635766654107334]
[0.8076771747345088, 0.09694392923006767, 0.09537889603542349]
pat_14_harold_in.txt	Iteration 10	Current loglikelihood -1307926.4833333867	Improvement 140.3871647240594
0	0.81804	0.05989	0.12207
1	0.88858	0.05843	0.05299
2	0.32971	0.32492	0.34537
3	0.92527	0.03838	0.03636
4	0.80768	0.09694	0.09538
[0.999, 0.03]
[0.8250216207301204, 0.050638157403785036, 0.12434022186609454]
[0.8904493510304357, 0.05770226939752251, 0.05184837957204184]
[0.3297140519435016, 0.3249152009639961, 0.3453707470925023]
[0.9262618468455956, 0.03781224726170007, 0.03592590589270428]
[0.8112154858243205, 0.09774095570375574, 0.0910435584719238]
pat_14_harold_in.txt	Iteration 11	Current loglikelihood -1307806.3730769283	Improvement 120.11025645839982
0	0.82502	0.05064	0.12434
1	0.89045	0.05770	0.05185
2	0.32971	0.32492	0.34537
3	0.92626	0.03781	0.03593
4	0.81122	0.09774	0.09104
[0.999, 0.03]
[0.8331482451546797, 0.039941170988280976, 0.12691058385703935]
[0.892185969107754, 0.05710298094502372, 0.05071104994722223]
[0.3297140519435016, 0.3249152009639961, 0.3453707470925023]
[0.9271907338285685, 0.037348625122023534, 0.03546064104940793]
[0.814672402996913, 0.098800106743638, 0.08652749025944899]
pat_14_harold_in.txt	Iteration 12	Current loglikelihood -1307655.7023906386	Improvement 150.67068628966808
0	0.83315	0.03994	0.12691
1	0.89219	0.05710	0.05071
2	0.32971	0.32492	0.34537
3	0.92719	0.03735	0.03546
4	0.81467	0.09880	0.08653
[0.999, 0.03]
[0.8421016694397904, 0.028901057436274885, 0.12899727312393475]
[0.893774343788131, 0.05652589078189355, 0.049699765429975416]
[0.3297140519435016, 0.3249152009639961, 0.3453707470925023]
[0.9280340396961391, 0.03694921785932805, 0.03501674244453288]
[0.8180333426875761, 0.09999013544278312, 0.08197652186964077]
pat_14_harold_in.txt	Iteration 13	Current loglikelihood -1307498.932417815	Improvement 156.76997282356024
0	0.84210	0.02890	0.12900
1	0.89377	0.05653	0.04970
2	0.32971	0.32492	0.34537
3	0.92803	0.03695	0.03502
4	0.81803	0.09999	0.08198
[0.999, 0.03]
[0.8509494227545812, 0.019180116256637056, 0.12987046098878174]
[0.8953885407276799, 0.05588002965643072, 0.04873142961588935]
[0.3297140519435016, 0.3249152009639961, 0.3453707470925023]
[0.928904884357015, 0.03654367473750044, 0.034551440905484544]
[0.821509812663145, 0.10094946424184166, 0.0775407230950133]
pat_14_harold_in.txt	Iteration 14	Current loglikelihood -1307326.8955787788	Improvement 172.03683903627098
0	0.85095	0.01918	0.12987
1	0.89539	0.05588	0.04873
2	0.32971	0.32492	0.34537
3	0.92890	0.03654	0.03455
4	0.82151	0.10095	0.07754
[0.999, 0.03]
[0.857929609903363, 0.012636831183180371, 0.12943355891345665]
[0.8969830097097805, 0.05515243241196415, 0.04786455787825534]
[0.3297140519435016, 0.3249152009639961, 0.3453707470925023]
[0.9297628328086228, 0.03612774875367966, 0.03410941843769752]
[0.8249994562615377, 0.10147430893167676, 0.07352623480678554]
pat_14_harold_in.txt	Iteration 15	Current loglikelihood -1307188.3195981216	Improvement 138.57598065724596
0	0.85793	0.01264	0.12943
1	0.89698	0.05515	0.04786
2	0.32971	0.32492	0.34537
3	0.92976	0.03613	0.03411
4	0.82500	0.10147	0.07353
[0.999, 0.03]
[0.8623143110355167, 0.00928898637112194, 0.12839670259336136]
[0.8983635725908156, 0.054438552177202566, 0.04719787523198187]
[0.3297140519435016, 0.3249152009639961, 0.3453707470925023]
[0.9305251920151585, 0.03573244016990014, 0.033742367814941374]
[0.8280443047449132, 0.10166107811121755, 0.07029461714386925]
pat_14_harold_in.txt	Iteration 16	Current loglikelihood -1307071.680417255	Improvement 116.63918086653575
0	0.86231	0.00929	0.12840
1	0.89836	0.05444	0.04720
2	0.32971	0.32492	0.34537
3	0.93053	0.03573	0.03374
4	0.82804	0.10166	0.07029
[0.999, 0.03]
[0.8650196219491644, 0.007836751612831034, 0.1271436264380046]
[0.899587259069773, 0.053763766411466116, 0.04664897451876089]
[0.3297140519435016, 0.3249152009639961, 0.3453707470925023]
[0.9311974361872086, 0.03536052483155534, 0.03344203898123603]
[0.830594733183537, 0.10165314742143003, 0.06775211939503292]
pat_14_harold_in.txt	Iteration 17	Current loglikelihood -1306976.276071878	Improvement 95.40434537711553
0	0.86502	0.00784	0.12714
1	0.89959	0.05376	0.04665
2	0.32971	0.32492	0.34537
3	0.93120	0.03536	0.03344
4	0.83059	0.10165	0.06775
[0.999, 0.03]
[0.8667733830807085, 0.007180401398974998, 0.1260462155203165]
[0.9005751267149642, 0.053164303204191375, 0.04626057008084442]
[0.3297140519435016, 0.3249152009639961, 0.3453707470925023]
[0.9317400607747512, 0.03504160704117813, 0.03321833218407062]
[0.8326060724869063, 0.10159578439606033, 0.06579814311703334]
pat_14_harold_in.txt	Iteration 18	Current loglikelihood -1306901.1236894869	Improvement 75.15238239103928
0	0.86677	0.00718	0.12605
1	0.90058	0.05316	0.04626
2	0.32971	0.32492	0.34537
3	0.93174	0.03504	0.03322
4	0.83261	0.10160	0.06580
[0.999, 0.03]
[0.8679360470199247, 0.006853134298897444, 0.1252108186811779]
[0.901300853405928, 0.05268900127513249, 0.04601014531893948]
[0.3297140519435016, 0.3249152009639961, 0.3453707470925023]
[0.9321519591908036, 0.03479068628423726, 0.033057354524959115]
[0.8341460214605585, 0.10154150847463587, 0.06431247006480563]
pat_14_harold_in.txt	Iteration 19	Current loglikelihood -1306853.8661530865	Improvement 47.25753640034236
0	0.86794	0.00685	0.12521
1	0.90130	0.05269	0.04601
2	0.32971	0.32492	0.34537
3	0.93215	0.03479	0.03306
4	0.83415	0.10154	0.06431
[0.999, 0.03]
[0.8687469191735001, 0.006688706334441597, 0.12456437449205829]
[0.9018619603442516, 0.05231857856398199, 0.04581946109176642]
[0.3297140519435016, 0.3249152009639961, 0.3453707470925023]
[0.9324658478254768, 0.03459529870344912, 0.032938853471074066]
[0.8353732656393448, 0.10153813026189552, 0.0630886040987597]
pat_14_harold_in.txt	Iteration 20	Current loglikelihood -1306817.332490832	Improvement 36.53366225445643
0	0.86875	0.00669	0.12456
1	0.90186	0.05232	0.04582
2	0.32971	0.32492	0.34537
3	0.93247	0.03460	0.03294
4	0.83537	0.10154	0.06309
[0.999, 0.03]
[0.8693025598068401, 0.006609006775601381, 0.1240884334175585]
[0.9022729188658901, 0.05202052474340271, 0.04570655639070717]
[0.3297140519435016, 0.3249152009639961, 0.3453707470925023]
[0.9326926573216756, 0.0344469761869254, 0.032860366491398986]
[0.8363342062987815, 0.10155226102927081, 0.06211353267194766]
pat_14_harold_in.txt	Iteration 21	Current loglikelihood -1306791.211126373	Improvement 26.121364459162578
0	0.86930	0.00661	0.12409
1	0.90227	0.05202	0.04571
2	0.32971	0.32492	0.34537
3	0.93269	0.03445	0.03286
4	0.83633	0.10155	0.06211
[0.999, 0.03]
[0.8697301666846831, 0.006549379390586402, 0.12372045392473054]
[0.9025904318686561, 0.051778819663033916, 0.04563074846831002]
[0.3297140519435016, 0.3249152009639961, 0.3453707470925023]
[0.9328797038927167, 0.034324371964432984, 0.03279592414285033]
[0.8370990146033627, 0.10160030409401002, 0.06130068130262731]
pat_14_harold_in.txt	Iteration 22	Current loglikelihood -1306766.8497265785	Improvement 24.36139979446307
0	0.86973	0.00655	0.12372
1	0.90259	0.05178	0.04563
2	0.32971	0.32492	0.34537
3	0.93288	0.03432	0.03280
4	0.83710	0.10160	0.06130
[0.999, 0.03]
[0.8700131270830829, 0.006510488538273147, 0.12347638437864399]
[0.9027944259534236, 0.051595355255770976, 0.045610218790805394]
[0.3297140519435016, 0.3249152009639961, 0.3453707470925023]
[0.9330040620364253, 0.03423842980859198, 0.03275750815498275]
[0.8376250817377331, 0.10167693424453415, 0.060697984017732756]
pat_14_harold_in.txt	Iteration 23	Current loglikelihood -1306754.055527709	Improvement 12.794198869494721
0	0.87001	0.00651	0.12348
1	0.90279	0.05160	0.04561
2	0.32971	0.32492	0.34537
3	0.93300	0.03424	0.03276
4	0.83763	0.10168	0.06070
[0.999, 0.03]
[0.8702247296445904, 0.006500684267429061, 0.12327458608798053]
[0.9029636268882008, 0.051440108234430945, 0.0455962648773683]
[0.3297140519435016, 0.3249152009639961, 0.3453707470925023]
[0.9331017867912283, 0.03417062355693207, 0.032727589651839584]
[0.8380633074892603, 0.10175224238015008, 0.06018445013058964]
pat_14_harold_in.txt	Iteration 24	Current loglikelihood -1306743.373832203	Improvement 10.681695505976677
0	0.87022	0.00650	0.12327
1	0.90296	0.05144	0.04560
2	0.32971	0.32492	0.34537
3	0.93310	0.03417	0.03273
4	0.83806	0.10175	0.06018
[0.999, 0.03]
[0.8703696467662246, 0.006486083567612811, 0.12314426966616256]
[0.9030756852827745, 0.05132004013163169, 0.045604274585593824]
[0.3297140519435016, 0.3249152009639961, 0.3453707470925023]
[0.9331699560610107, 0.03412158908375208, 0.0327084548552372]
[0.838385956373621, 0.10183411972777419, 0.0597799238986048]
pat_14_harold_in.txt	Iteration 25	Current loglikelihood -1306739.9725277184	Improvement 3.4013044845778495
0	0.87037	0.00649	0.12314
1	0.90308	0.05132	0.04560
2	0.32971	0.32492	0.34537
3	0.93317	0.03412	0.03271
4	0.83839	0.10183	0.05978
[0.999, 0.03]
[0.8704873527699405, 0.006476525794089344, 0.12303612143597016]
[0.9031693925574085, 0.051218654139051155, 0.04561195330354038]
[0.3297140519435016, 0.3249152009639961, 0.3453707470925023]
[0.9332254332982333, 0.03408178267984412, 0.03269278402192261]
[0.8386644434575409, 0.1019034361006875, 0.059432120441771624]
pat_14_harold_in.txt	Iteration 26	Current loglikelihood -1306734.4304476818	Improvement 5.542080036597326
0	0.87049	0.00648	0.12304
1	0.90317	0.05122	0.04561
2	0.32971	0.32492	0.34537
3	0.93323	0.03408	0.03269
4	0.83866	0.10190	0.05943
[0.999, 0.03]
[0.8705828172841739, 0.006467268403363569, 0.12294991431246258]
[0.9032404300085457, 0.05113297488574558, 0.04562659510570872]
[0.3297140519435016, 0.3249152009639961, 0.3453707470925023]
[0.9332690153041724, 0.034049670300903605, 0.032681314394924006]
[0.8388868704261999, 0.10196999858740739, 0.05914313098639269]
pat_14_harold_in.txt	Iteration 27	Current loglikelihood -1306731.092897378	Improvement 3.3375503038987517
0	0.87058	0.00647	0.12295
1	0.90324	0.05113	0.04563
2	0.32971	0.32492	0.34537
3	0.93327	0.03405	0.03268
4	0.83889	0.10197	0.05914
[0.999, 0.03]
[0.8706486295122835, 0.006461146567681635, 0.12289022392003486]
[0.9032918735895199, 0.051062165835111, 0.0456459605753691]
[0.3297140519435016, 0.3249152009639961, 0.3453707470925023]
[0.9333044884082098, 0.03402423499132881, 0.0326712766004614]
[0.8390543774027478, 0.10203229876653197, 0.05891332383072023]
pat_14_harold_in.txt	Iteration 28	Current loglikelihood -1306725.0880759764	Improvement 6.004821401555091
0	0.87065	0.00646	0.12289
1	0.90329	0.05106	0.04565
2	0.32971	0.32492	0.34537
3	0.93330	0.03402	0.03267
4	0.83905	0.10203	0.05891
[0.999, 0.03]
[0.8706945082036383, 0.0064644937210981265, 0.12284099807526362]
[0.9033284676672314, 0.051002484705689896, 0.0456690476270787]
[0.3297140519435016, 0.3249152009639961, 0.3453707470925023]
[0.9333272184737156, 0.03400698186454663, 0.03266579966173779]
[0.8391829369829042, 0.10207736354719657, 0.05873969946989918]
pat_14_harold_in.txt	Iteration 29	Current loglikelihood -1306721.8784610252	Improvement 3.2096149511635303
0	0.87069	0.00646	0.12284
1	0.90333	0.05100	0.04567
2	0.32971	0.32492	0.34537
3	0.93333	0.03401	0.03267
4	0.83918	0.10208	0.05874
[0.999, 0.03]
[0.8707308548035875, 0.006462551622028184, 0.12280659357438434]
[0.9033497734603552, 0.050957433196383344, 0.04569279334326149]
[0.3297140519435016, 0.3249152009639961, 0.3453707470925023]
[0.9333443871340971, 0.03399382126616633, 0.0326617915997366]
[0.8392807284175043, 0.10211753193449567, 0.05860173964799999]
pat_14_harold_in.txt	Iteration 30	Current loglikelihood -1306719.184954227	Improvement 2.6935067982412875
0	0.87073	0.00646	0.12281
1	0.90335	0.05096	0.04569
2	0.32971	0.32492	0.34537
3	0.93334	0.03399	0.03266
4	0.83928	0.10212	0.05860
[0.999, 0.03]
[0.8707462206244393, 0.006478471366253948, 0.12277530800930676]
[0.9033727257121048, 0.05091691492997141, 0.04571035935792378]
[0.3297140519435016, 0.3249152009639961, 0.3453707470925023]
[0.9333592612644935, 0.033982593452778584, 0.03265814528272788]
[0.8393704084683591, 0.10214409761711947, 0.058485493914521444]
pat_14_harold_in.txt	Iteration 31	Current loglikelihood -1306718.752002096	Improvement 0.4329521309118718
0	0.87075	0.00648	0.12278
1	0.90337	0.05092	0.04571
2	0.32971	0.32492	0.34537
3	0.93336	0.03398	0.03266
4	0.83937	0.10214	0.05849
Finished pre-optimsation, Total loglikelihood = -1306718.752002096
[0.999, 0.03]
[0.8707462206244393, 0.006478471366253948, 0.12277530800930676]
[0.9033727257121048, 0.05091691492997141, 0.04571035935792378]
[0.3297140519435016, 0.3249152009639961, 0.3453707470925023]
[0.9333592501961595, 0.033982618128504616, 0.03265813167533588]
[0.8393704084683591, 0.10214409761711947, 0.058485493914521444]
[0.999, 0.03]
[0.8707534973736166, 0.006483745684730383, 0.12276275694165299]
[0.9033820343051513, 0.05088721193402528, 0.045730753760823424]
[0.3297140519435016, 0.3249152009639961, 0.3453707470925023]
[0.9333681945488702, 0.033975436352218794, 0.032656369098910995]
[0.8394293905166113, 0.1021769930265222, 0.058393616456866554]
pat_14_harold_in.txt	Iteration 0	Current loglikelihood -1306717.8382872662	Improvement 0.9139431919902563
0	0.87075	0.00648	0.12276
1	0.90338	0.05089	0.04573
2	0.32971	0.32492	0.34537
3	0.93337	0.03398	0.03266
4	0.83943	0.10218	0.05839
Optimising alpha = [0.999, 0.03]	Total loglikelihood = 1306717.8382872662	Best loglikelihood = 1306717.8382872662
[0.999, 0.031]
[0.8707534973736166, 0.006483745684730383, 0.12276275694165299]
[0.9033820343051513, 0.05088721193402528, 0.045730753760823424]
[0.3297140519435016, 0.3249152009639961, 0.3453707470925023]
[0.9333682180017437, 0.03397542814007412, 0.032656353858182136]
[0.8394293905166113, 0.1021769930265222, 0.058393616456866554]
[0.999, 0.031]
[0.8709453977353873, 0.0064780740095969755, 0.12257652825501576]
[0.9033180576326596, 0.050906611173467425, 0.045775331193872976]
[0.3297140519435016, 0.3249152009639961, 0.3453707470925023]
[0.9330926949368191, 0.034107475337371025, 0.03279982972580985]
[0.839710203267498, 0.10202143706975751, 0.058268359662744476]
pat_14_harold_in.txt	Iteration 0	Current loglikelihood -1307858.1587621977	Improvement 6.174235490849242
0	0.87095	0.00648	0.12258
1	0.90332	0.05091	0.04578
2	0.32971	0.32492	0.34537
3	0.93309	0.03411	0.03280
4	0.83971	0.10202	0.05827
[0.999, 0.031]
[0.8711431845331546, 0.006478453878474901, 0.12237836158837045]
[0.9034475842903275, 0.05083464620692918, 0.045717769502743366]
[0.3297140519435016, 0.3249152009639961, 0.3453707470925023]
[0.9331345447718518, 0.03408301301165796, 0.03278244221649028]
[0.8399666246581003, 0.10195396862570737, 0.058079406716192286]
pat_14_harold_in.txt	Iteration 1	Current loglikelihood -1307849.1388817928	Improvement 9.0198804049287
0	0.87114	0.00648	0.12238
1	0.90345	0.05083	0.04572
2	0.32971	0.32492	0.34537
3	0.93313	0.03408	0.03278
4	0.83997	0.10195	0.05808
[0.999, 0.031]
[0.8712830970431745, 0.006486698634650526, 0.12223020432217495]
[0.9035633612912259, 0.050774325021806246, 0.04566231368696781]
[0.3297140519435016, 0.3249152009639961, 0.3453707470925023]
[0.9331966908271812, 0.0340463854019271, 0.03275692377089175]
[0.8402106316677601, 0.10189889346991815, 0.05789047486232174]
pat_14_harold_in.txt	Iteration 2	Current loglikelihood -1307840.3062780367	Improvement 8.832603756105527
0	0.87128	0.00649	0.12223
1	0.90356	0.05077	0.04566
2	0.32971	0.32492	0.34537
3	0.93320	0.03405	0.03276
4	0.84021	0.10190	0.05789
[0.999, 0.031]
[0.8713746909363276, 0.00648072344367003, 0.1221445856200024]
[0.9036378705494232, 0.050730396630802845, 0.04563173281977392]
[0.3297140519435016, 0.3249152009639961, 0.3453707470925023]
[0.9332393980451618, 0.03401852796548852, 0.03274207398934972]
[0.8403732363318318, 0.10187338639494928, 0.057753377273218914]
pat_14_harold_in.txt	Iteration 3	Current loglikelihood -1307832.9870385348	Improvement 7.319239501841366
0	0.87137	0.00648	0.12214
1	0.90364	0.05073	0.04563
2	0.32971	0.32492	0.34537
3	0.93324	0.03402	0.03274
4	0.84037	0.10187	0.05775
[0.999, 0.031]
[0.87144661762265, 0.006470947532476578, 0.12208243484487345]
[0.9036847305148699, 0.0507012024449485, 0.04561406704018164]
[0.3297140519435016, 0.3249152009639961, 0.3453707470925023]
[0.9332690219821518, 0.03399907317833326, 0.03273190483951496]
[0.8404846273755832, 0.10186275205674665, 0.05765262056767019]
pat_14_harold_in.txt	Iteration 4	Current loglikelihood -1307828.2091161278	Improvement 4.777922407025471
0	0.87145	0.00647	0.12208
1	0.90368	0.05070	0.04561
2	0.32971	0.32492	0.34537
3	0.93327	0.03400	0.03273
4	0.84048	0.10186	0.05765
[0.999, 0.031]
[0.8714861637688945, 0.006485589742615668, 0.1220282464884898]
[0.903732751582392, 0.05067153764172431, 0.04559571077588372]
[0.3297140519435016, 0.3249152009639961, 0.3453707470925023]
[0.9332960622077152, 0.0339825157890349, 0.032721422003249886]
[0.8405904378300644, 0.10184886006665436, 0.057560702103281264]
pat_14_harold_in.txt	Iteration 5	Current loglikelihood -1307824.448247172	Improvement 3.7608689558692276
0	0.87149	0.00649	0.12203
1	0.90373	0.05067	0.04560
2	0.32971	0.32492	0.34537
3	0.93330	0.03398	0.03272
4	0.84059	0.10185	0.05756
[0.999, 0.031]
[0.8715215288226538, 0.006486334174207695, 0.12199213700313853]
[0.9037645107414471, 0.0506491497934978, 0.045586339465055054]
[0.3297140519435016, 0.3249152009639961, 0.3453707470925023]
[0.9333144552682414, 0.033970007891004475, 0.03271553684075411]
[0.8406684526137572, 0.101842488684762, 0.05748905870148077]
pat_14_harold_in.txt	Iteration 6	Current loglikelihood -1307821.5905562933	Improvement 2.8576908786781132
0	0.87152	0.00649	0.12199
1	0.90376	0.05065	0.04559
2	0.32971	0.32492	0.34537
3	0.93331	0.03397	0.03272
4	0.84067	0.10184	0.05749
[0.999, 0.031]
[0.8715572546983895, 0.006483173486698108, 0.12195957181491238]
[0.9037905278900765, 0.050629697242080184, 0.045579774867843294]
[0.3297140519435016, 0.3249152009639961, 0.3453707470925023]
[0.9333304881491454, 0.03395899821883305, 0.032710513632021515]
[0.8407360772615589, 0.10183695586579665, 0.057426966872644494]
pat_14_harold_in.txt	Iteration 7	Current loglikelihood -1307819.2873747165	Improvement 2.303181576775387
0	0.87156	0.00648	0.12196
1	0.90379	0.05063	0.04558
2	0.32971	0.32492	0.34537
3	0.93333	0.03396	0.03271
4	0.84074	0.10184	0.05743
[0.999, 0.031]
[0.8715845681529869, 0.0064797979538817685, 0.12193563389313132]
[0.903809913516679, 0.05061379356319186, 0.04557629292012909]
[0.3297140519435016, 0.3249152009639961, 0.3453707470925023]
[0.9333417775887208, 0.03395132850033545, 0.03270689391094372]
[0.8407837903558935, 0.10183875745402723, 0.05737745219007931]
pat_14_harold_in.txt	Iteration 8	Current loglikelihood -1307818.5300632052	Improvement 0.7573115113191307
0	0.87158	0.00648	0.12194
1	0.90381	0.05061	0.04558
2	0.32971	0.32492	0.34537
3	0.93334	0.03395	0.03271
4	0.84078	0.10184	0.05738
Optimising alpha = [0.999, 0.031]	Total loglikelihood = 1307818.5300632052	Best loglikelihood = 1306717.8382872662
[0.9980000000000002, 0.031]
[0.8715845681529869, 0.0064797979538817685, 0.12193563389313132]
[0.903809913516679, 0.05061379356319186, 0.04557629292012909]
[0.3297140519435016, 0.3249152009639961, 0.3453707470925023]
[0.9333417775887208, 0.03395132850033545, 0.03270689391094372]
[0.8407837903558935, 0.10183875745402723, 0.05737745219007931]
[0.9980000000000002, 0.031]
[0.8439262784091054, 0.00975724872794872, 0.14631647286294588]
[0.8858731598131656, 0.05909210575325086, 0.055034734433583525]
[0.3297140519435016, 0.3249152009639961, 0.3453707470925023]
[0.9229829443573694, 0.03913164414343932, 0.03788541149919129]
[0.8132849388288768, 0.11715320459121482, 0.06956185657990842]
pat_14_harold_in.txt	Iteration 0	Current loglikelihood -1277874.6938335795	Improvement -121.81468931003474
0	0.84393	0.00976	0.14632
1	0.88587	0.05909	0.05503
2	0.32971	0.32492	0.34537
3	0.92298	0.03913	0.03789
4	0.81328	0.11715	0.06956
[0.9980000000000002, 0.031]
[0.8174433086311222, 0.016046459635820572, 0.16651023173305718]
[0.8682579208277227, 0.06725061660080396, 0.06449146257147335]
[0.3297140519435016, 0.3249152009639961, 0.3453707470925023]
[0.9114159316049782, 0.04500952009977904, 0.04357454829524271]
[0.7879107300171999, 0.13160584057439148, 0.08048342940840861]
pat_14_harold_in.txt	Iteration 1	Current loglikelihood -1278035.9690427172	Improvement -161.27520913770422
0	0.81744	0.01605	0.16651
1	0.86826	0.06725	0.06449
2	0.32971	0.32492	0.34537
3	0.91142	0.04501	0.04357
4	0.78791	0.13161	0.08048
[0.9980000000000002, 0.031]
[0.7939925318320272, 0.0247447962103433, 0.18126267195762946]
[0.8540611973576535, 0.07352885502562007, 0.07240994761672642]
[0.3297140519435016, 0.3249152009639961, 0.3453707470925023]
[0.901021714666439, 0.05022271335851141, 0.0487555719750496]
[0.7671732328309391, 0.14312886308520875, 0.08969790408385217]
pat_14_harold_in.txt	Iteration 2	Current loglikelihood -1278098.5110407162	Improvement -62.541997998952866
0	0.79399	0.02474	0.18126
1	0.85406	0.07353	0.07241
2	0.32971	0.32492	0.34537
3	0.90102	0.05022	0.04876
4	0.76717	0.14313	0.08970
[0.9980000000000002, 0.031]
[0.769589256779981, 0.037824526561785435, 0.19258621665823356]
[0.8422259234550076, 0.07837461828133994, 0.07939945826365248]
[0.3297140519435016, 0.3249152009639961, 0.3453707470925023]
[0.8923256685387196, 0.05449798161765047, 0.053176349843629886]
[0.750598627657031, 0.15233361874137372, 0.09706775360159528]
pat_14_harold_in.txt	Iteration 3	Current loglikelihood -1278131.045033268	Improvement -32.53399255173281
0	0.76959	0.03782	0.19259
1	0.84223	0.07837	0.07940
2	0.32971	0.32492	0.34537
3	0.89233	0.05450	0.05318
4	0.75060	0.15233	0.09707
[0.9980000000000002, 0.031]
[0.7438085205292376, 0.054724396167182617, 0.20146708330357976]
[0.8326587225438296, 0.08196576584725908, 0.08537551160891137]
[0.3297140519435016, 0.3249152009639961, 0.3453707470925023]
[0.8849271535176639, 0.05797923739212451, 0.05709360909021156]
[0.7369224251220434, 0.16004457197134234, 0.10303300290661424]
pat_14_harold_in.txt	Iteration 4	Current loglikelihood -1278155.2681177924	Improvement -24.223084524506703
0	0.74381	0.05472	0.20147
1	0.83266	0.08197	0.08538
2	0.32971	0.32492	0.34537
3	0.88493	0.05798	0.05709
4	0.73692	0.16004	0.10303
[0.9980000000000002, 0.031]
[0.7195927672435841, 0.07170516883419978, 0.2087020639222161]
[0.8238325519460509, 0.08474272676159372, 0.0914247212923554]
[0.3297140519435016, 0.3249152009639961, 0.3453707470925023]
[0.8783215222476528, 0.06093755542365863, 0.06074092232868856]
[0.7249713409587296, 0.16740763033718428, 0.1076210287040861]
pat_14_harold_in.txt	Iteration 5	Current loglikelihood -1278188.9409525744	Improvement -33.67283478192985
0	0.71959	0.07171	0.20870
1	0.82383	0.08474	0.09142
2	0.32971	0.32492	0.34537
3	0.87832	0.06094	0.06074
4	0.72497	0.16741	0.10762
[0.9980000000000002, 0.031]
[0.6999608105368109, 0.08560561661571194, 0.21443357284747716]
[0.8164338476472774, 0.08641840634214151, 0.09714774601058104]
[0.3297140519435016, 0.3249152009639961, 0.3453707470925023]
[0.8724040771642357, 0.06335302895587301, 0.06424289387989125]
[0.7156630061556363, 0.1741223146657797, 0.11021467917858402]
pat_14_harold_in.txt	Iteration 6	Current loglikelihood -1278223.4951567187	Improvement -34.55420414428227
0	0.69996	0.08561	0.21443
1	0.81643	0.08642	0.09715
2	0.32971	0.32492	0.34537
3	0.87240	0.06335	0.06424
4	0.71566	0.17412	0.11021
[0.9980000000000002, 0.031]
[0.6853611985359848, 0.09576648575630516, 0.2188723157077101]
[0.8105208397528391, 0.08711361049275755, 0.10236554975440339]
[0.3297140519435016, 0.3249152009639961, 0.3453707470925023]
[0.8672673786882389, 0.06506002951818225, 0.06767259179357886]
[0.708348762228288, 0.18035223498867733, 0.11129900278303465]
pat_14_harold_in.txt	Iteration 7	Current loglikelihood -1278254.5189678816	Improvement -31.02381116291508
0	0.68536	0.09577	0.21887
1	0.81052	0.08711	0.10237
2	0.32971	0.32492	0.34537
3	0.86727	0.06506	0.06767
4	0.70835	0.18035	0.11130
[0.9980000000000002, 0.031]
[0.6751786789741706, 0.10329439178054951, 0.2215269292452799]
[0.8054856855734452, 0.08731433738646836, 0.1071999770400864]
[0.3297140519435016, 0.3249152009639961, 0.3453707470925023]
[0.8629021191458296, 0.0657021195304746, 0.07139576132369581]
[0.7032184890055679, 0.18537213950101708, 0.11140937149341498]
pat_14_harold_in.txt	Iteration 8	Current loglikelihood -1278279.1759917953	Improvement -24.657023913692683
0	0.67518	0.10329	0.22153
1	0.80549	0.08731	0.10720
2	0.32971	0.32492	0.34537
3	0.86290	0.06570	0.07140
4	0.70322	0.18537	0.11141
[0.9980000000000002, 0.031]
[0.6675974990402315, 0.10942847806353624, 0.2229740228962323]
[0.8015021506059438, 0.08716902840180475, 0.11132882099225148]
[0.3297140519435016, 0.3249152009639961, 0.3453707470925023]
[0.859174595835936, 0.06538043103790332, 0.07544497312616065]
[0.6997803339983248, 0.1894893989596106, 0.11073026704206457]
pat_14_harold_in.txt	Iteration 9	Current loglikelihood -1278295.8705648428	Improvement -16.694573047570884
0	0.66760	0.10943	0.22297
1	0.80150	0.08717	0.11133
2	0.32971	0.32492	0.34537
3	0.85917	0.06538	0.07544
4	0.69978	0.18949	0.11073
[0.9980000000000002, 0.031]
[0.6607319857016123, 0.11477307253720417, 0.22449494176118354]
[0.7980518581260606, 0.08683198097132001, 0.11511616090261938]
[0.3297140519435016, 0.3249152009639961, 0.3453707470925023]
[0.8557051503405457, 0.06406828805138177, 0.0802265616080725]
[0.697815932530716, 0.19247770063631783, 0.10970636683296611]
pat_14_harold_in.txt	Iteration 10	Current loglikelihood -1278310.4459754715	Improvement -14.575410628691316
0	0.66073	0.11477	0.22449
1	0.79805	0.08683	0.11512
2	0.32971	0.32492	0.34537
3	0.85571	0.06407	0.08023
4	0.69782	0.19248	0.10971
[0.9980000000000002, 0.031]
[0.6538601461026573, 0.12018887179286178, 0.22595098210448092]
[0.7948628094645434, 0.08639049263458669, 0.11874669790086996]
[0.3297140519435016, 0.3249152009639961, 0.3453707470925023]
[0.851700325209966, 0.06193793819570262, 0.08636173659433141]
[0.6971365199662607, 0.19424158541568293, 0.10862189461805638]
pat_14_harold_in.txt	Iteration 11	Current loglikelihood -1278323.1435767577	Improvement -12.697601286228746
0	0.65386	0.12019	0.22595
1	0.79486	0.08639	0.11875
2	0.32971	0.32492	0.34537
3	0.85170	0.06194	0.08636
4	0.69714	0.19424	0.10862
[0.9980000000000002, 0.031]
[0.6475739573315887, 0.1263103913469545, 0.22611565132145678]
[0.7913668664894503, 0.08615633853184308, 0.1224767949787066]
[0.3297140519435016, 0.3249152009639961, 0.3453707470925023]
[0.8467938784764876, 0.059309581836825956, 0.09389653968668647]
[0.697415533556024, 0.19500739648095824, 0.10757706996301772]
pat_14_harold_in.txt	Iteration 12	Current loglikelihood -1278333.1596045569	Improvement -10.016027799108997
0	0.64757	0.12631	0.22612
1	0.79137	0.08616	0.12248
2	0.32971	0.32492	0.34537
3	0.84679	0.05931	0.09390
4	0.69742	0.19501	0.10758
[0.9980000000000002, 0.031]
[0.641131049129242, 0.13324697182942855, 0.22562197904132944]
[0.7878755957334797, 0.08611121911513239, 0.12601318515138796]
[0.3297140519435016, 0.3249152009639961, 0.3453707470925023]
[0.8410713679012973, 0.05671044700239727, 0.1022181850963054]
[0.6980769676332995, 0.19501797836732263, 0.10690505399937786]
pat_14_harold_in.txt	Iteration 13	Current loglikelihood -1278341.688565609	Improvement -8.528961052186787
0	0.64113	0.13325	0.22562
1	0.78788	0.08611	0.12601
2	0.32971	0.32492	0.34537
3	0.84107	0.05671	0.10222
4	0.69808	0.19502	0.10691
[0.9980000000000002, 0.031]
[0.6355551225317045, 0.1411683909948904, 0.22327648647340506]
[0.7841778482186755, 0.08638951872726502, 0.12943263305405944]
[0.3297140519435016, 0.3249152009639961, 0.3453707470925023]
[0.8346486870376224, 0.05453368499803205, 0.11081762796434555]
[0.6984521779939834, 0.19471366923886163, 0.10683415276715497]
pat_14_harold_in.txt	Iteration 14	Current loglikelihood -1278349.8627011594	Improvement -8.174135550390929
0	0.63556	0.14117	0.22328
1	0.78418	0.08639	0.12943
2	0.32971	0.32492	0.34537
3	0.83465	0.05453	0.11082
4	0.69845	0.19471	0.10683
[0.9980000000000002, 0.031]
[0.6320714198284766, 0.14968169819926527, 0.21824688197225814]
[0.7807702009547454, 0.08693817530367158, 0.13229162374158304]
[0.3297140519435016, 0.3249152009639961, 0.3453707470925023]
[0.8287310814120062, 0.053000837785260956, 0.1182680808027328]
[0.6980158731651783, 0.19427372224890116, 0.10771040458592052]
pat_14_harold_in.txt	Iteration 15	Current loglikelihood -1278357.1723588202	Improvement -7.309657660778612
0	0.63207	0.14968	0.21825
1	0.78077	0.08694	0.13229
2	0.32971	0.32492	0.34537
3	0.82873	0.05300	0.11827
4	0.69802	0.19427	0.10771
[0.9980000000000002, 0.031]
[0.6314910134783512, 0.15848192018438642, 0.21002706633726234]
[0.7776186620702874, 0.08762719747646201, 0.13475414045325057]
[0.3297140519435016, 0.3249152009639961, 0.3453707470925023]
[0.8237416139333822, 0.05206998296813933, 0.12418840309847848]
[0.6968532552731886, 0.1941717607836265, 0.10897498394318486]
pat_14_harold_in.txt	Iteration 16	Current loglikelihood -1278364.2956614965	Improvement -7.1233026762492955
0	0.63149	0.15848	0.21003
1	0.77762	0.08763	0.13475
2	0.32971	0.32492	0.34537
3	0.82374	0.05207	0.12419
4	0.69685	0.19417	0.10898
[0.9980000000000002, 0.031]
[0.6325223856919249, 0.16694788410109024, 0.2005297302069849]
[0.7752666321585143, 0.08821829858131634, 0.13651506926016932]
[0.3297140519435016, 0.3249152009639961, 0.3453707470925023]
[0.820192896368832, 0.05148401805510941, 0.12832308557605862]
[0.6943192495908788, 0.19442770150059574, 0.1112530489085255]
pat_14_harold_in.txt	Iteration 17	Current loglikelihood -1278369.8975098466	Improvement -5.601848350139335
0	0.63252	0.16695	0.20053
1	0.77527	0.08822	0.13652
2	0.32971	0.32492	0.34537
3	0.82019	0.05148	0.12832
4	0.69432	0.19443	0.11125
[0.9980000000000002, 0.031]
[0.635181318044248, 0.1752580924046707, 0.18956058955108127]
[0.7737463908293457, 0.08881364821493139, 0.13743996095572292]
[0.3297140519435016, 0.3249152009639961, 0.3453707470925023]
[0.8179744525167496, 0.05111058457203407, 0.13091496291121632]
[0.6914107794884357, 0.1949000984092536, 0.11368912210231075]
pat_14_harold_in.txt	Iteration 18	Current loglikelihood -1278374.7015790867	Improvement -4.804069240111858
0	0.63518	0.17526	0.18956
1	0.77375	0.08881	0.13744
2	0.32971	0.32492	0.34537
3	0.81797	0.05111	0.13091
4	0.69141	0.19490	0.11369
[0.9980000000000002, 0.031]
[0.6391457527251004, 0.18292470831043442, 0.17792953896446514]
[0.7732853981222888, 0.08935308264111284, 0.13736151923659834]
[0.3297140519435016, 0.3249152009639961, 0.3453707470925023]
[0.8174754687507548, 0.05083417608980848, 0.1316903551594367]
[0.6881290916957518, 0.1955894270559615, 0.11628148124828674]
pat_14_harold_in.txt	Iteration 19	Current loglikelihood -1278376.3709355465	Improvement -1.6693564597517252
0	0.63915	0.18292	0.17793
1	0.77329	0.08935	0.13736
2	0.32971	0.32492	0.34537
3	0.81748	0.05083	0.13169
4	0.68813	0.19559	0.11628
[0.9980000000000002, 0.031]
[0.6434582511643928, 0.18981548226468145, 0.16672626657092574]
[0.7739254102960873, 0.08975392775632425, 0.13632066194758846]
[0.3297140519435016, 0.3249152009639961, 0.3453707470925023]
[0.8185490215716302, 0.05061310824657633, 0.13083787018179344]
[0.6851077056774689, 0.1963225380863089, 0.11856975623622218]
pat_14_harold_in.txt	Iteration 20	Current loglikelihood -1278377.0226673745	Improvement -0.6517318279948086
0	0.64346	0.18982	0.16673
1	0.77393	0.08975	0.13632
2	0.32971	0.32492	0.34537
3	0.81855	0.05061	0.13084
4	0.68511	0.19632	0.11857
Optimising alpha = [0.9980000000000002, 0.031]	Total loglikelihood = 1278377.0226673745	Best loglikelihood = 1278377.0226673745
[0.9960000000000004, 0.032]
[0.6434582511643928, 0.18981548226468145, 0.16672626657092574]
[0.7739254102960873, 0.08975392775632425, 0.13632066194758846]
[0.3297140519435016, 0.3249152009639961, 0.3453707470925023]
[0.8185492795405079, 0.05061305591186674, 0.13083766454762533]
[0.6851077056774689, 0.1963225380863089, 0.11856975623622218]
[0.9960000000000004, 0.032]
[0.57301441798047, 0.24765435976549888, 0.1793312222540311]
[0.724440608513438, 0.11405339674447258, 0.1615059947420895]
[0.3297140519435016, 0.3249152009639961, 0.3453707470925023]
[0.7703067588840758, 0.059368899344060234, 0.17032434177186392]
[0.6195581238822241, 0.24368386766934297, 0.13675800844843294]
pat_14_harold_in.txt	Iteration 0	Current loglikelihood -1286194.8769990788	Improvement 45.028414332540706
0	0.57301	0.24765	0.17933
1	0.72444	0.11405	0.16151
2	0.32971	0.32492	0.34537
3	0.77031	0.05937	0.17032
4	0.61956	0.24368	0.13676
[0.9960000000000004, 0.032]
[0.522490441205399, 0.29782205429362124, 0.17968750450097976]
[0.6889857897843786, 0.13561215693674228, 0.1754020532788791]
[0.3297140519435016, 0.3249152009639961, 0.3453707470925023]
[0.7364140178090667, 0.06550761844817062, 0.19807836374276272]
